,High,Low,Open,Close,Volume,Adj Close,MarginPurchaseBuy,MarginPurchaseCashRepayment,MarginPurchaseLimit,MarginPurchaseSell,MarginPurchaseTodayBalance,MarginPurchaseYesterdayBalance,OffsetLoanAndShort,ShortSaleBuy,ShortSaleLimit,ShortSaleSell,ShortSaleTodayBalance,ShortSaleYesterdayBalance,b_total,s_total,b_s_ratio,bs_ratio,buy_volume,sell_volume,y_label
5,52.00062684076702,50.913597559008984,51.61269282820347,51.3389030011501,4636620.612069145,39.40267979282717,160.71497220673083,0.0,587716.0,72.5951024638187,1745.0777721413042,1656.957902398392,3.728796424383362,6.256826806737147,587716.0,12.394140616458078,40.23102886755164,34.09371505783072,585970.9222278588,587675.7689711325,1.0029077857286361,0.5105433319428325,1940162.2979876238,3974356.7136819866,0
6,51.439168444263686,50.46664836542024,51.06420197396913,50.731280953551845,4398685.206611566,38.93632876363473,168.70096222933938,0.0,587716.0,56.94549902024491,1856.8332353503988,1745.0777721413042,0.8077765257836391,5.982947702265539,587716.0,9.47139312457183,43.71947428985794,40.23102886755164,585859.1667646497,587672.2805257102,1.003093206542005,0.5482568961152248,1890035.7103287487,3570369.112542485,0
7,50.88208955618134,49.851025023162855,50.43007811876744,50.259506395221074,5807189.836884536,38.574241804129095,185.0696107567504,0.0,587716.0,41.45675278349883,2000.4460933236505,1856.8332353503988,8.298477614057377,7.766060540925817,587716.0,15.665026314690072,51.6184400636222,43.71947428985794,585715.5539066764,587664.3815599364,1.003325735314289,0.5344305547837092,2548202.0240819296,4851936.184354831,0
8,50.311287104446954,49.21119035609444,49.89738049350981,49.74717889087066,6980542.415099916,38.18102967186363,176.35174712767522,0.0,587716.0,39.501825657506885,2137.296014793819,2000.4460933236505,8.982834157396628,11.823158738730818,587716.0,17.38393870061194,57.17922002550332,51.6184400636222,585578.7039852062,587658.8207799746,1.0035506977544015,0.5158285168067073,3018251.4805087587,5755041.921391366,1
9,50.18725322983779,49.00493407703937,49.49289282894799,49.70563975164544,7047784.759890919,38.149148492338526,169.1204734975903,0.0,587716.0,96.31327824107439,2210.1032100503344,2137.296014793819,9.075104932274222,10.22379139868766,587716.0,17.462940980681292,64.41836960749696,57.17922002550332,585505.8967899496,587651.5816303926,1.0036629970137174,0.7160426986323032,3168385.502447669,5048163.841223862,1
10,50.399509147548784,49.24266189157604,49.672478059149654,50.00653671646107,6644568.734905909,38.38008716310458,106.27040060829809,0.0,587716.0,130.91337779742744,2185.4602328612054,2210.1032100503344,7.324573016082223,13.489175424789387,587716.0,12.91263422015044,63.841828402858,64.41836960749696,585530.5397671389,587652.1581715972,1.003621739016966,0.8784130755965336,3126035.666694542,4273702.064774569,1
11,50.55352995314481,49.41983963766092,49.83600435583948,50.05809905048102,6990569.85133826,38.41966216061315,150.2432535127067,0.0,587716.0,109.4962045222432,2226.207281851669,2185.4602328612054,7.611941059865567,12.161337947309631,587716.0,14.059190510615775,65.73968096616414,63.841828402858,585489.7927181484,587650.2603190339,1.0036883423297998,0.7997954956961711,3131138.811025527,4704348.585178609,0
12,50.64107412648303,49.690823547408215,50.08065748673986,50.107891677745165,5791413.625410147,38.457878177116314,151.065352262334,0.0,587716.0,94.64472315806195,2282.6279109559405,2226.207281851669,3.383779293059256,9.762207761140195,587716.0,8.708395746856539,64.6858689518805,65.73968096616414,585433.3720890441,587651.3141310482,1.0037868958043563,0.8572567641267403,2698417.7958187643,3679773.839916898,0
13,50.61156492059108,49.63944469926568,49.86894318505903,50.09197548196529,5540356.218146762,38.445662612483176,139.3170599127278,0.28676372630237706,587716.0,83.47043061448377,2338.1877765278828,2282.6279109559405,2.7867395127203456,6.818796070823642,587716.0,22.829012562903845,80.6960854439607,64.6858689518805,585377.8122234722,587635.303914556,1.0038548286574618,0.7720833708669002,2458692.1370100267,3743307.3699489306,0
14,50.50531273234527,49.57939963887826,49.7672971069821,50.06475386864793,5037732.369851779,38.42477031304016,108.10488403764994,1.0950734604981247,587716.0,56.39943607406458,2388.7981510309696,2338.1877765278828,3.0824410951114283,12.722131487871351,587716.0,19.718990705507686,87.69294466159704,80.6960854439607,585327.2018489691,587628.3070553385,1.0039296577703563,0.6404218104714056,2106570.3877616194,3679393.945793579,0
15,50.419954194335546,49.605866638168436,49.74618245849962,50.07277671931637,5025277.626416946,38.43092644214862,87.74356302794165,0.8965703189893413,587716.0,60.54364884410945,2415.1014948958123,2388.7981510309696,2.523689319119099,11.717555710004664,587716.0,16.29609364534135,92.27148259693372,87.69294466159704,585300.8985051042,587623.7285174031,1.0039669053051032,0.6467199150479643,2246811.2888763505,3705387.4764306247,0
16,50.248884221372485,49.54447831966953,49.67830288880345,50.002231574168604,4961277.841396179,38.37678153030235,78.08592557323126,0.7340496924535097,587716.0,53.978848562032454,2438.474522214558,2415.1014948958123,4.3008924435188565,10.499869445295415,587716.0,17.31370111089978,98.51178680993334,92.27148259693372,585277.5254777855,587617.4882131901,1.0039963310300482,0.5577658956858793,1922132.4248435562,3797388.389889775,0
17,50.09745764282503,49.329737378351076,49.63706576511926,49.704514045131006,6380189.612135114,38.148282473819485,181.09272195496015,33.86558130857486,587716.0,50.40040180863693,2535.301261052306,2438.474522214558,5.528618993306234,12.868302200864164,587716.0,16.258380400752365,101.43230044663954,98.51178680993334,585180.6987389477,587614.5676995534,1.004157536666983,0.430599346257327,1926029.519489151,5187806.321568927,1
18,50.126595246380944,49.29864206715885,49.55026126869981,49.78972482497434,6231977.540437158,38.21368276962604,147.8723419530282,28.4815895877199,587716.0,127.25332371500798,2527.4386897026066,2535.301261052306,8.511422848265426,11.260751739436643,587716.0,8.596655144948652,98.09699317741646,101.43230044663954,585188.5613102975,587617.9030068226,1.0041497308661993,0.5887607024125676,2099802.340361611,4478883.668956321,1
19,50.225930308194776,49.50489755100302,49.710905929369524,49.82784124759764,6032938.804870382,38.24293776075018,124.95006283951169,23.00226985387084,587716.0,112.37599635608404,2517.0104863321635,2527.4386897026066,6.4410912414237,7.9104859194757084,587716.0,12.503192084384942,102.14015852112584,98.09699317741646,585198.9895136679,587613.859841479,1.0041249183892047,0.5769244055993746,2122209.498691338,4449603.342065319,1
20,50.39031664292013,49.60519368604819,49.906691656993516,49.960232245423896,9660081.254310025,38.34454924513818,128.6990572094175,24.854703972312553,587716.0,95.97864272440003,2524.8761968448684,2517.0104863321635,6.13381066164195,5.105129862120453,587716.0,12.893396175390198,109.47849886400755,102.14015852112584,585191.1238031551,587606.521501136,1.0041258586304584,0.663852885785072,5946873.853570923,7873573.118529528,1
21,50.548975001255414,49.71516920141671,50.00733217395078,49.98853989270966,8994883.003407639,38.36627633439012,116.63375761019154,20.349310500781765,587716.0,92.89208401632058,2528.2685599379574,2524.8761968448684,4.253758354742656,7.666946587906256,587716.0,8.838588578485545,110.4927615847824,109.47849886400755,585187.731440062,587605.5072384153,1.0041299382290427,0.7330919036551655,5466395.000574903,6911967.113784344,1
22,50.66602187627271,49.8579567776247,50.17048391581358,50.210817665195854,7612875.046927744,38.53687355598776,49.063639883064354,4.423246702801103,587716.0,78.15601307307769,2494.752940045143,2528.2685599379574,3.891276330737208,8.030417999267936,587716.0,6.965995900571802,109.29948823800044,110.4927615847824,585221.2470599549,587606.700511762,1.0040744417830716,0.8594578121782768,4944182.812576613,5489507.227251819,0
23,50.6962514141799,50.007325973052694,50.2918785812397,50.229955869831784,6774138.134467647,38.55156102095924,43.49514767437173,3.30496466589297,587716.0,90.43454521881355,2451.677670992368,2501.9220332027026,1.6034904099936163,10.454228153085836,587716.0,7.937945456354903,106.20967808866475,108.72596078539567,585264.3223290078,587609.7903219113,1.004005833393152,0.7320200285079055,4041943.129386881,4805846.586844919,0
24,50.68935300318764,50.00599799943446,50.23896997062571,50.24562490652592,6951617.619559936,38.563586100216156,46.19430414791546,2.7058762098026725,587716.0,121.71261422880548,2379.3230417414497,2457.547228032143,1.3128269109273951,8.605253144327966,587716.0,8.479617409541156,105.61447779069594,105.74011352548276,585336.6769582586,587610.3855222093,1.0038827770502983,0.7781884439131549,4236355.706619317,4928438.251202476,0
25,50.64150710923697,49.97623481153042,50.14290482432323,50.148353425004494,6317574.605920841,38.48893077506343,37.5486885760829,0.0,587716.0,106.14878445988359,2315.528532713058,2384.128628596859,0.7583683273035502,7.332149113584684,587716.0,9.615507195654107,107.51338892433265,105.23003084226322,585400.471467287,587608.4866110757,1.003770141681997,0.7693649286888058,3479438.4172127848,4378374.00015845,0
26,50.49817905967592,49.95714141776686,50.09590159807466,50.12146151137563,6052040.633783748,38.46829176752515,26.25796046911413,0.0,587716.0,96.84736310802515,2248.873611819258,2319.463014458169,0.5154049923433662,6.533479338236861,587716.0,13.215527767889446,113.88067881437638,107.1986303847238,585467.1263881808,587602.1193211856,1.003644977212432,0.7275743844188705,3037451.6257278123,3970383.2007815284,0
27,50.42005719975134,49.95584703664377,50.02577034792287,50.11459928599845,6110426.512415249,38.46302468260889,33.24212815959271,0.0,587716.0,80.83417861783226,2204.5028425631644,2252.094893021404,0.0,4.36999043255217,587716.0,11.182497495571145,120.43548338122368,113.6229763182047,585511.4971574369,587595.5645166188,1.0035576934694044,0.6508068977591464,2905441.3697766303,4196280.105179366,0
28,50.36664611993919,49.91028632758241,50.00000000000001,50.07272698336573,5839376.122301396,38.43088869463782,26.22379822778176,0.0,587716.0,52.66021876525255,2178.0664220256936,2204.5028425631644,0.0,2.568955819686384,587716.0,11.828438243968922,129.69496580550623,120.43548338122368,585537.9335779743,587586.3050341945,1.0034965604575867,0.5379853259297631,2475563.4504069495,4270373.51798814,0
29,50.32291682634187,49.897872722356645,50.057352964043844,50.02410687396639,5287411.710750369,38.39357207605435,21.02443439401631,0.0,587716.0,27.612754049793367,2171.4781023699165,2178.0664220256936,0.0,3.612876531929442,587716.0,8.10188896051569,133.6104507814877,129.69496580550623,585544.5218976302,587582.3895492185,1.0034785819534786,0.42036436425134627,1852977.581739069,4046961.4798027184,0
30,50.22976134481953,49.58281785368528,50.04695663544287,49.761649247837994,5314932.281687621,38.1921354952074,72.69986632380906,0.0,587716.0,56.678756875829535,2187.499211817896,2171.4781023699165,1.1470549052095083,12.315681612362443,587716.0,5.261837418052535,126.0870420239958,133.6104507814877,585528.5007881821,587589.9129579761,1.0035188914641116,0.3328643481086407,1328230.9175114986,4179770.6687368657,1
31,50.00929387182739,49.38222570784092,49.83771001430312,49.64713507850275,4659087.775634149,38.10424569899585,72.4586546752963,0.0,587716.0,83.7982731268306,2176.159593366362,2187.499211817896,0.9391291263639738,9.631529651798022,587716.0,6.891852624467269,122.67615432192996,126.0870420239958,585539.8404066337,587593.3238456781,1.0035052828000395,0.34745013661020496,1266684.6172308046,3861269.6665573544,1
32,49.889932016244686,49.24139604079264,49.60904040655453,49.53227983004284,4520320.275395808,38.01609466165297,57.15775087392801,0.0,587716.0,113.51124944588281,2119.806094794407,2176.159593366362,0.7688938968654434,9.50071740354341,587716.0,5.718346456874213,118.34424255406091,122.67615432192996,585596.1939052057,587597.655757446,1.003416130024318,0.3665171650203799,1374103.8858057843,3906768.0604391918,1
33,49.93558865748587,49.12230618329845,49.4074835988647,49.58838717795769,4506476.90362226,38.05915669424171,60.894286061774196,0.0,587716.0,100.48606871280782,2080.2143121433737,2119.806094794407,0.6295170792177086,10.721941545149614,587716.0,4.170649047959898,111.34302408648315,118.34424255406091,585635.7856878566,587604.6569759136,1.0033602517001523,0.39954446510001496,1414405.7782230377,3681642.806780844,1
34,50.145026951966976,49.27761639991453,49.49378962432547,49.84033236593057,4751180.022886114,38.25252461464392,110.21457237611051,0.0,587716.0,165.96293871156394,2024.46594580792,2080.2143121433737,0.8021687186457434,8.43218012573867,587716.0,5.135220993674437,107.8886856846145,111.34302408648315,585691.5340541921,587608.1113143155,1.0032706529485127,0.4423181187050218,1407964.611566622,3320519.183758425,1
35,50.30892356582932,49.52081781930141,49.671578897015465,50.07892631821796,5025870.842493171,38.43564464323517,82.26885595182085,0.0,587716.0,137.409212024636,1969.3255897351046,2024.46594580792,0.5215460078933705,9.444405617233286,587716.0,4.491127077675312,102.80655589697068,107.8886856846145,585746.6744102649,587613.1934441031,1.0031848653720108,0.4954488683985092,1863393.347384863,3668766.685162509,1
36,50.970503458580374,49.88523108993016,49.977015557293626,50.63881577568647,6280321.352464941,38.865360974417925,321.21023251724887,0.0,587716.0,162.8139020301972,2127.7219202221563,1969.3255897351046,12.184318534204813,10.781331833317118,587716.0,5.430276900016807,97.45550096367036,102.80655589697068,585588.278079778,587618.5444990364,1.0034655920536886,0.605865044005085,2246675.606238109,3708630.1913739406,0
37,51.313727844333904,50.11568628433038,50.36289084863043,50.724421867430365,6543405.646012401,38.93106463446824,365.84371417223815,0.0,587716.0,345.727118482412,2147.8385159119825,2127.7219202221563,11.122731194461027,11.635205770421717,587716.0,5.200731395299501,91.02102658854814,97.45550096367036,585568.161484088,587624.9789734115,1.0035109998548086,0.5251902364569943,2012388.4933671192,3971403.0705255046,0
38,51.45596006535909,50.33831761773904,50.540711596832736,50.9764483734434,6180261.827136913,39.12449555216663,301.603138048546,0.28676372630237706,587716.0,339.0877471347094,2110.0671430995167,2147.8385159119825,9.68004953972979,8.365661509450703,587716.0,5.375333925200672,88.03069900429813,91.02102658854814,585605.9328569006,587627.9693009958,1.0034513614386826,0.9297930224712159,2209421.0148510425,3297753.2597634587,0
39,51.59514233124193,50.45432347964885,50.78681390321908,50.9655625477332,6229574.398281312,39.116139895309004,389.60762687548254,0.23478228159099346,587716.0,268.944040573038,2230.49594712037,2110.0671430995167,8.106623496417162,9.037839678666717,587716.0,3.767984316343017,82.76084364197442,88.03069900429813,585485.5040528796,587633.2391563581,1.003666778309749,0.8110858126572638,2134283.4509452013,3720634.235200569,0
40,51.46155662833066,50.348567313053515,50.784598274401276,50.71966186406204,6230316.974395418,38.92741123777783,362.38308049153375,0.19222347421636085,587716.0,232.74343899163114,2359.9433651460563,2230.49594712037,6.5316474807609275,8.912101661256234,587716.0,3.839761336432315,77.6885033171505,82.76084364197442,585356.056634854,587638.3114966829,1.0038973764838623,0.7143768817695346,1915418.4931688495,3752751.6580732893,0
41,51.154718964085376,50.2794392161021,50.63643117345167,50.57137711574098,4834655.086615528,38.81360181869724,208.49625619126726,0.15737926980442715,587716.0,179.94964520522868,2388.3325968622903,2359.9433651460563,1.0223870061685814,6.422936157746277,587716.0,3.311615569564526,74.57718272896875,77.6885033171505,585327.6674031378,587641.4228172711,1.003951362128268,0.6733448826855718,1534414.2249216507,3158029.391134537,0
42,50.93812102984124,50.186587527114845,50.55895315769321,50.41505677657196,4673370.2848237725,38.69362633253678,158.03526695063772,0.12885124808584156,587716.0,82.72142214556942,2463.517590419273,2388.3325968622903,0.7018454922784874,4.853012783746233,587716.0,2.6816017973356345,72.40577174255816,74.57718272896875,585252.4824095807,587643.5942282575,1.0040840078344389,0.6711509751962988,1729272.8376650307,3260486.9223685814,0
43,50.82111093233094,50.15737067094335,50.46223786408714,50.403411831739334,3980409.386987366,38.6846892302015,127.50576783839334,0.0,587716.0,66.61197807850222,2524.411380179164,2463.517590419273,0.36363352967683504,4.546838263738381,587716.0,2.241564914690833,70.1004983935106,72.40577174255816,585191.5886198209,587645.8995016065,1.004192318227869,0.697892345509452,1519306.2502121034,2830239.623281702,0
44,50.75101586779422,50.1802536093651,50.42391269703759,50.38927203293332,3573762.924225443,38.67383803693093,48.684325795089784,0.0,587716.0,51.364958178620576,2521.7307477956333,2524.411380179164,0.19222347421636085,3.452207933356191,587716.0,1.8352381306780081,68.19676486453005,70.1004983935106,585194.2692522045,587647.8032351355,1.0041909699617633,0.6312169069234583,1317822.5555768234,2555204.903815212,0
45,50.90327690940402,50.2441573594141,50.42715569817969,50.64469793300782,3268570.426774199,38.86987810803315,66.47916528289547,0.0,587716.0,67.13319783062195,2521.0767152479066,2521.7307477956333,0.4441429961068042,4.609401558439979,587716.0,1.4728461849687338,64.8254272094678,68.19676486453005,585194.9232847522,587651.1745727905,1.004195607847752,0.7101805557719043,1334832.8001634197,2157079.9692036253,0
46,50.92378215946101,50.1644621948489,50.529361357285254,50.4645374975429,4372697.173634387,38.73160538456335,173.37899502375956,10.036730420583197,587716.0,52.481152142862406,2631.9378277082205,2521.0767152479066,0.9371609822815892,5.3889466876142915,587716.0,2.112210700797575,61.35646774843473,64.8254272094678,585084.0621722918,587654.6435322517,1.0043919065863163,0.6204074412754909,1634972.8864810227,3354242.9732720302,0
47,50.75038530048295,50.019944328553834,50.380657183010364,50.32297817115243,4121448.4005787405,38.62295662726026,152.3484036137184,8.21737985568477,587716.0,39.416742581012016,2736.6521088852423,2631.9378277082205,1.235315490003102,4.0956129417064675,587716.0,15.962023693461866,73.0654992303857,61.35646774843473,584979.3478911149,587642.9345007696,1.004551717636135,0.6159691028775005,1652305.3863793253,3262141.9978837064,1
48,50.511841371047375,49.851848195623354,50.24754176923657,50.1619100101797,3839374.981438301,38.49933628458023,128.71729567728255,6.72782159757263,587716.0,33.74704158414279,2824.8945413808096,2736.6521088852423,1.2981545077215126,4.002506488225678,587716.0,15.438484257157297,84.0858620249291,73.0654992303857,584891.1054586193,587631.9141379751,1.0046844024760837,0.5445403023430349,1589724.0134106956,3190537.4606115464,1
49,50.46749694191115,49.8365056089089,50.1393735324889,50.108489399938634,3886042.643665285,38.45833598727434,120.69173137331897,5.50827444315495,587716.0,36.34109801468069,2903.736900296293,2824.8945413808096,1.349602744020788,3.926277371450931,587716.0,12.926725568547337,92.85152794043452,84.0858620249291,584812.2630997037,587623.1484720596,1.004804809994314,0.7259026462040166,2141208.636610278,3194308.9075271683,1
50,50.360317308691684,49.83449385072975,50.0613621575236,50.00145577682966,3587939.22339871,38.37618770078802,120.88872713812583,4.509793683004455,587716.0,36.97009326997732,2983.145740481437,2903.736900296293,0.9994667915878918,2.627652208541866,587716.0,10.478013280188806,100.50966553786509,92.85152794043452,584732.8542595187,587615.4903344621,1.0049281199949456,0.7384196149285275,2290734.3804226904,3288513.2107162774,1
51,50.486821395380424,49.89844560431557,50.091098797475304,50.173249687474765,3739142.608168998,38.508038806162716,88.94407023375187,0.0,587716.0,87.53213842925106,2984.5576722859378,2983.145740481437,2.3278875980067335,2.665427700453859,587716.0,13.499710106493445,111.18656867410026,100.50966553786509,584731.4423277142,587604.8134313258,1.0049122865511202,0.8639569728293517,2579674.5629894086,2953545.568434856,1
52,50.692916332658214,50.13111004408155,50.27532021425648,50.42103161469757,3596104.915452449,38.69821234475684,81.88765892629131,0.0,587716.0,110.44074706509501,2956.0045841471338,2984.5576722859378,1.6949242074362294,2.1822676284675016,587716.0,5.777903852805877,114.65335365035278,111.18656867410026,584759.9954158529,587601.3466463496,1.0048572961652238,0.9369471768348345,3092350.892661848,3236238.4314286727,1
53,51.237417549535635,50.50420775516337,50.58535414958087,50.95746420560549,4647270.8677381445,39.10992469453554,81.23353241644077,0.0,587716.0,229.85374837351245,2807.384368190062,2956.0045841471338,1.2821920933840065,3.477552264848462,587716.0,5.788443342313338,116.67748100151528,114.65335365035278,584908.6156318099,587599.3225189985,1.0045986719360342,1.6330012987702118,4035530.1398328263,2925112.245756882,1
54,51.677273878268984,50.98633784769743,51.196156759459605,51.37555949080262,4542845.142625238,39.430812895989156,112.36972059470828,0.0,587716.0,240.49072712183545,2679.263361662935,2807.384368190062,2.6648579766408256,5.398332809550116,587716.0,4.920445823723447,115.96481173409764,116.67748100151528,585036.7366383371,587600.035188266,1.0043799209528814,1.5285489906818899,3795811.3087083646,2861277.747934565,1
55,51.96191816939783,51.209014783224674,51.58153371213995,51.717866958510434,5350492.495948831,39.69353393481911,96.50392793835434,0.0,587716.0,207.14034206377067,2568.626947537519,2679.263361662935,2.18180117806101,4.782319580372581,587716.0,4.315284041038886,115.30555272054757,115.96481173409764,585147.3730524625,587600.6944472794,1.0041910816512518,1.5824385455564849,4572808.795707777,3210674.624942746,0
56,52.361079439835244,51.61018871363431,51.88353275108321,52.06008329772856,5639706.297802774,39.95618695244774,130.1942125563588,0.0,587716.0,178.2869801982385,2520.534179895639,2568.626947537519,1.153340845298165,4.353745372883717,587716.0,2.1021880970430984,112.60985244860015,115.30555272054757,585195.4658201043,587603.3901475514,1.0041130821078057,1.5721906411370712,4832087.191378403,3360530.0255465116,0
57,52.64865982535027,51.71383601597215,52.299875215532865,52.27994173803098,5453123.555135552,40.12492771064121,139.29392341880293,0.0,587716.0,140.08948196382647,2519.7386213506156,2520.534179895639,3.2383854292455796,3.5645452278508643,587716.0,2.29465349640842,110.6895634611785,112.60985244860015,585196.2613786495,587605.3104365389,1.0041149625161774,1.4999333236639312,4426321.992948077,3133727.8984131566,0
58,52.70016431116727,51.82142831380796,52.47329442721222,52.24732355809335,5127823.414932071,40.0998930699901,121.14639013755047,0.28676372630237706,587716.0,65.02695359815303,2575.5712941637107,2519.7386213506156,6.379294183173899,2.1799414431163524,587716.0,1.4270057558073543,109.50962201806213,110.6895634611785,585140.4287058364,587606.4903779819,1.0042127952828337,1.1422040903740769,4059573.549678034,3545131.814288336,0
59,52.54917474913365,51.5670341425832,52.33475346312889,51.96253135374692,5978262.682113627,39.88131436084807,160.28012334743596,0.23478228159099346,587716.0,251.9368993525509,2483.6797358770045,2575.5712941637107,4.589957454413802,3.884241294911112,587716.0,11.099569438301607,115.80181996482709,109.50962201806213,585232.320264123,587600.1981800352,1.0040444517947837,0.9617233532738548,3870627.9007791453,4367836.474950023,0
60,52.28514541641644,51.22131551065911,52.005435876757886,51.47127542657276,5995968.3888721615,39.504275170756706,278.6480096826336,0.19222347421636085,587716.0,232.34311964439283,2529.792402441029,2483.6797358770045,4.044703049550486,13.866180441248781,587716.0,8.98206436568167,110.16190880818773,115.80181996482709,585186.2075975591,587605.8380911918,1.0041331977038859,0.7703304382987403,3220691.7840262624,4585370.868679002,0
61,51.84119911583664,50.85386953177242,51.5818818887196,51.19893003077101,5673190.720170717,39.29524951296685,225.83294165569924,1.5911979013163124,587716.0,197.78917919365819,2556.244967001754,2529.792402441029,3.3115227737352786,11.896476095744852,587716.0,8.863485721363002,106.61562023728732,110.16190880818773,585159.7550329983,587609.3843797627,1.0041846375190624,0.765066031849285,3139790.8870157176,4431380.11839658,0
62,51.48827591380298,50.616327137848955,51.161258997071684,50.900471773711004,5368806.453398405,39.066182244557,211.66183253647807,1.3027626560408088,587716.0,166.12161165497034,2600.4824252272206,2556.244967001754,2.1540534256346784,10.887065738052899,587716.0,11.634039001624785,107.04783496125035,106.61562023728732,585115.5175747728,587608.9521650388,1.0042598235554014,0.6861286188566315,2913171.21189976,4421885.422261482,0
63,51.04836801297054,49.90269665552894,50.80172818282786,50.18592696487447,10113851.673613613,38.51776871483617,507.21476074144755,0.9611173710818043,587716.0,174.240557922424,2932.495510675162,2600.4824252272206,2.112743909209683,28.98703637169194,587716.0,20.316672633248842,98.11976872663556,107.04783496125035,584783.5044893249,587617.8802312734,1.0048461303788714,0.6010447317740287,4488217.778086191,8538568.163640773,0
64,50.36436712826466,49.3416796941582,50.158646833827405,49.59548507877328,10789053.784480909,38.0646045837535,556.6450496838299,0.7868963490221358,587716.0,74.85719416218632,3413.4964698477843,2932.495510675162,2.8768233170576716,28.307413370957786,587716.0,14.088632811955597,83.90098816763337,98.11976872663556,584302.5035301523,587632.0990118324,1.0056983245716835,0.5584725920193336,4559649.490464784,9265389.133495687,0
65,49.83897516041632,48.88451313936217,49.69840561402046,49.12098844202364,11615041.37257261,37.700426679748674,558.4270226422612,0.6442562404292078,587716.0,63.13166964224504,3908.147566607371,3413.4964698477843,5.691013957095091,25.189397902790283,587716.0,12.681851857181076,71.39344212202417,83.90098816763337,583807.8524333928,587644.6065578781,1.0065724168560493,0.5458846689297036,4753175.097116926,9685420.090395786,0
66,49.24649504388211,48.30948308839373,49.173604386025545,48.4684716970037,12840011.022466052,37.19961967871045,584.7472641275692,11.470549052095082,587716.0,107.91871805606527,4373.50556362678,3908.147566607371,6.666754226986409,20.593615002693724,587716.0,14.338274866009144,65.13810198533959,71.39344212202417,583342.4944363732,587650.8618980148,1.0073856960719225,0.5352220045109197,5052951.756933387,9861552.840546153,0
67,48.80442725448361,47.91037923329747,48.60055161826183,48.109266699866424,13144240.744721873,36.92392897893805,658.377427527377,10.538346168849246,587716.0,130.922185597139,4890.422459388168,4373.50556362678,5.352782229466042,33.357707854072274,587716.0,10.051274908801027,41.83166904006835,65.13810198533959,582825.5775406118,587674.16833096,1.0083184503385334,0.5805258715123717,5865690.371654866,10404158.938544435,0
68,48.60615724757018,47.87766616306155,48.252841134728804,48.15750969164944,11153924.196351899,36.9609542845518,503.9151495071716,8.628068095018408,587716.0,208.87658508591443,5176.832955714407,4890.422459388168,3.749520549511018,19.926367715694774,587716.0,4.220497659022849,26.12579898339642,41.83166904006835,582539.1670442857,587689.8742010166,1.0088406379355566,0.5642202908202695,4817983.717903606,8483890.277864985,0
69,48.528892320074526,47.74821269065747,47.98680840517757,48.076210788771036,12456513.423268916,36.898556769947916,566.2027334910111,7.06406468904253,587716.0,311.3688777446345,5424.602746771741,5176.832955714407,2.6478698656610886,14.204440458372389,587716.0,3.0334733092142008,14.954831834238231,26.12579898339642,582291.3972532284,587701.0451681658,1.0092888491390548,0.5636607614053641,5393045.211993756,9607757.619168654,0
70,48.44750649970221,47.68293783300116,47.7938875765835,48.12732603922856,13298683.041603604,36.937788374857156,675.6176174798718,8.93796799197752,587716.0,374.03223423958275,5717.250162020053,5424.602746771741,0.9019587366008909,9.414228166547042,587716.0,2.061619969373465,7.602223637064652,14.954831834238231,581998.7498379799,587708.397776363,1.009809126309787,0.6370633774407017,6245990.071599418,9807195.132598039,0
71,47.6140410738588,46.64231510715565,47.06456519317605,47.038614013528225,14496289.42525927,36.72674027420903,841.4499597950205,4.818592447658557,587716.0,524.1912011710339,6029.690328196381,5717.250162020053,7.455856883861804,7.602223637064652,587716.0,13.191131409909344,13.191131409909344,7.602223637064652,581686.3096718036,587702.80886859,1.0103419882148108,0.7196278939925267,8268422.756825917,11156876.276445925,0
72,46.62906964134185,45.620569796157824,45.97534225112119,46.06582882208784,12892028.387036007,36.49004036880291,638.5107235075269,4.096679358530684,587716.0,485.3413156303195,6178.763056715058,6029.690328196381,7.8249216791800915,4.301455894535656,587716.0,16.248495752930864,25.138171268304554,13.191131409909344,581537.236943285,587690.8618287317,1.0105803148048187,0.7398080322953762,8733595.263243422,11529756.711875977,0
73,45.7570429004158,44.79919090198006,45.19002088784265,45.12532888743608,11289717.679178162,36.18143873844022,521.1113341059717,4.214368555235982,587716.0,432.6383302510712,6263.021692014723,6178.763056715058,6.406504019171344,3.808497950167279,587716.0,40.25893343660492,61.588606754742194,25.138171268304554,581452.9783079852,587654.4113932453,1.0106638359641404,0.7829520306721606,8506178.938114362,10864093.686067207,0
74,44.93514396477262,44.0021164454631,44.5084978337771,44.26995268769098,9906374.07709229,35.856183062563474,406.9351618750798,3.7371968672788993,587716.0,336.67956515819566,6329.540091864327,6263.021692014723,10.406948933656057,4.838716752650669,587716.0,123.57856440221904,180.32845440431058,61.588606754742194,581386.4599081357,587535.6715455957,1.0105751244511052,0.7770584386640965,8063447.798655228,10237318.835193742,1
75,44.502190079464256,43.41594296108271,43.83053297648171,43.93945018465373,8747400.593078142,35.893550065384645,251.6496577578855,1.8993187323639795,587716.0,303.6690820159525,6275.621348873896,6329.540091864327,8.520489137696325,6.255716021247745,587716.0,107.48637307597697,281.5591114590398,180.32845440431058,581440.3786511262,587434.4408885409,1.0103073724575786,1.1025403328493648,7696748.704129609,8323732.258089289,1
76,44.63098401177037,43.71348604383314,43.89995656377195,44.22664044341896,6629161.188209094,36.12815194267117,239.94889953739897,1.2088275061037024,587716.0,205.49779152861635,6308.863629376576,6275.621348873896,5.66694865592143,10.857021615165705,587716.0,85.44376293303806,356.1458527769122,281.5591114590398,581407.1363706235,587359.8541472232,1.010236794860567,1.034046745801642,5718690.445851161,6330161.174442378,0
77,44.6985441811884,43.909472995180806,44.14289640002139,44.35761529913304,6014851.928016112,36.23514370813112,205.85277532248375,2.2125339271648308,587716.0,222.31913466874533,6290.18473610315,6308.863629376576,4.293501990737033,9.3139063765798,587716.0,85.44362856820096,432.2755749685333,356.1458527769122,581425.8152638968,587283.7244250316,1.0100733842124359,1.0359035527425275,4648068.723046739,4936807.465901269,0
78,44.7787454265016,43.97714363151357,44.28905147541635,44.36745390301168,5638015.2200980075,36.243181330488724,212.67126241317177,1.4949861302571696,587716.0,167.66320047464836,6333.697811911416,6290.18473610315,3.5152221182179453,9.814196912833655,587716.0,62.90648256462859,485.3678606203282,432.2755749685333,581382.3021880887,587230.6321393797,1.0100576643935295,0.9951323844063673,4159402.737235167,4471645.395214749,0
79,44.791513979613114,44.081506624113715,44.296979530537655,44.38524131375259,6043915.045155707,36.257711310343645,246.13065887026588,1.1184966408862314,587716.0,167.38553113718757,6411.3244430036075,6333.697811911416,5.854103170378907,8.549272858227257,587716.0,22.468672253967537,498.7137325634638,485.3678606203282,581304.6755569964,587217.2862674366,1.0101696132901752,0.9812303987736857,4356390.592295016,4617892.88893446,0
80,44.67455748718735,44.02587226770595,44.31699249073799,44.151745517629884,7104094.964483978,36.06697192140412,274.5889034035309,2.062802502317486,587716.0,157.5343793277499,6526.3161645770715,6411.3244430036075,5.079698023582901,7.30265167565219,587716.0,24.104298745251853,515.0458150698814,498.7137325634638,581189.6838354229,587200.9541849302,1.0103413662831022,0.8043307538346365,4857881.782670866,6238183.44591479,0
81,44.42947618430249,43.72320008639515,44.03324009741,43.86102441186202,9088034.856214441,35.82948654517857,234.83119391243764,2.443676545700313,587716.0,137.72659044211565,6620.9770915016925,6526.3161645770715,4.491723770262101,13.905746338848923,587716.0,28.067414070749905,528.8230358533498,515.0458150698814,581095.0229084983,587187.1769641467,1.010482289478356,0.8008897119475746,6467914.60977819,8259206.957249017,1
82,44.18120095767729,43.512316372695636,43.834874267709026,43.65086208719322,9694110.706555746,35.65780720698955,249.88216244074022,1.7600044679408007,587716.0,112.26145200911735,6756.837797465375,6620.9770915016925,4.145545358269357,15.234820437292687,587716.0,18.55183790101136,531.8252947774595,528.8230358533498,580959.1622025347,587184.1747052226,1.0107134197148178,0.7680403679882601,7476172.472029954,9806831.910343237,1
83,43.872287790372816,43.323018014299564,43.60077513099743,43.440237929601906,9998586.857384216,35.485751964017304,331.2300736291917,1.4409697834577846,587716.0,112.159150816946,6974.467750494163,6756.837797465375,4.541140378304311,20.805699416265668,587716.0,17.001652684895856,527.763545549918,531.8252947774595,580741.5322495059,587188.2364544502,1.0110993320914226,0.7172714613349463,7130578.797173195,9847147.262164338,1
84,43.78533788270066,43.17330827025663,43.404505244148964,43.45567667945113,9727691.454409821,35.49836269229789,301.3946605320829,1.1797662759730085,587716.0,381.5886118648449,6893.0940328854285,6974.467750494163,4.505438669017212,18.906397844290897,587716.0,15.778523431198217,524.6356711368254,527.763545549918,580822.9059671146,587191.3643288632,1.0109631004390538,0.8477266721236021,7759863.397348424,9418396.637052976,1
85,43.97372347589815,43.35102204273606,43.5124501300881,43.74898849534339,9323046.63152333,35.7379650024348,316.36709769769527,0.8306967403643288,587716.0,480.1556151722822,6728.474818670476,6893.0940328854285,6.450883978074534,22.799892037690967,587716.0,15.126264022076235,516.9620431212106,524.6356711368254,580987.5251813296,587199.0379568788,1.010690061016231,1.0107234620989218,7286558.6512552155,7894302.948150037,1
86,44.15960881781397,43.63908619044402,43.8165696417002,44.03890790459782,8506697.712867387,35.97479626129319,275.7792900947511,0.36363352967683504,587716.0,434.7731030215954,6569.1173722139565,6728.474818670476,4.965053659246574,25.011396420386042,587716.0,9.295277920181752,501.2459246210063,516.9620431212106,581146.8826277861,587214.7540753791,1.010440004274324,1.0424095406378666,6689224.947927328,6849240.838700263,0
87,44.50644160128114,43.98963909511941,44.12670328307745,44.353239415927334,7087368.466270515,36.231569347345996,249.00620434805427,0.19222347421636085,587716.0,424.0616978912789,6393.869655196514,6569.1173722139565,4.140816889049196,20.51027011452312,587716.0,6.87186853599703,487.60752304248024,501.2459246210063,581322.1303448036,587228.3924769575,1.010158796806504,1.1392447790580236,5293505.757365819,4941147.565177288,0
88,44.74129867741482,44.163427976017374,44.43566988166246,44.527535028584325,5973807.762241864,36.3739497078856,197.35314785104276,0.15737926980442715,587716.0,393.7222712301659,6197.343152547588,6393.869655196514,2.968236212407839,15.137147914339119,587716.0,5.431556486633279,477.9019316147744,487.60752304248024,581518.6568474524,587238.0980683854,1.009833676683103,1.0819615427098364,4330086.701700544,3885260.9250723114,0
89,44.80008079899223,44.23402334577596,44.59502338587222,44.54958631366342,5747536.624025192,36.39196267889916,229.21496771289173,0.12885124808584156,587716.0,235.13062452299383,6191.298644489399,6197.343152547588,1.4807359550747765,16.997803476061964,587716.0,6.335449569448702,467.23957770816116,477.9019316147744,581524.7013555106,587248.7604222919,1.0098414816201622,0.9931944554671699,3987750.5392518854,4085141.5907278555,0
90,44.57214121498134,43.996141926413074,44.41547301323857,44.219883535079006,6676168.387672927,36.12263252821725,274.5781500561194,0.0,587716.0,192.6090064676608,6273.267788077857,6191.298644489399,2.1647253539210665,13.075619581474697,587716.0,34.25860920889258,488.422567335579,467.23957770816116,581442.7322119222,587227.5774326645,1.0099474501752945,0.864939314743521,4550873.423365796,5678353.4464034755,0
91,44.38552006770784,43.735782250919996,44.138756786687914,43.91071901250062,6273879.728214126,35.870081582842644,234.63858949928255,0.0,587716.0,204.01226545580553,6303.894112121336,6273.267788077857,2.3458546718275497,7.299868814891799,587716.0,36.25923050038948,517.3819290210766,488.422567335579,581412.1058878787,587198.618070979,1.0099508281266285,0.8148422436883187,4081797.4889716064,5354132.421510599,1
92,44.30374960770646,43.56644872411582,43.8858270822901,43.86063365251848,6105083.245277777,35.82916736904239,209.60863982549216,0.5735274526047541,587716.0,167.27003398702055,6345.659190507202,6303.894112121336,2.10189260899889,7.351006300021323,587716.0,35.421821619659546,545.452744340715,517.3819290210766,581370.3408094929,587170.5472556594,1.0099750774028033,1.0954097450062492,4252429.519351126,4771587.881578217,1
93,44.29712581580171,43.51829775091323,43.95495979183933,43.80447331061903,6014691.953435337,35.783290970486846,191.95376783075085,0.4695645631819869,587716.0,277.2521478700365,6259.891245904733,6345.659190507202,2.8679390238642135,6.81934667912718,587716.0,33.27267087275475,571.9060685343425,545.452744340715,581456.1087540954,587144.0939314658,1.0097807126092377,1.1503595136198077,4443308.240593854,4648947.608326553,1
94,44.45239527504445,43.76333538552878,44.13978771902219,43.96598785371101,6025747.377402856,35.91522998139248,336.28439888625604,0.3844469484327217,587716.0,331.5565449746951,6264.234652867863,6259.891245904733,4.355415960906719,4.439104912781942,587716.0,31.242666680825174,598.7096303023858,571.9060685343425,581451.7653471321,587117.2903696977,1.009742130612321,1.0697622063660153,3736960.9902170645,3998010.509517324,0
95,44.590737362435966,43.93743458206305,44.31287992252589,44.15015566459911,5337928.220315369,36.06567383617299,252.04455994024957,0.3147585396088543,587716.0,311.1564558068777,6204.807998461625,6264.234652867863,3.400979086583262,3.1827340788739935,587716.0,20.4947302253299,616.0216264488417,598.7096303023858,581511.1920015385,587099.9783735513,1.0096091343426798,1.076834081962816,3475581.198935126,3420520.805127235,0
96,44.60363541718929,43.99015627476215,44.42361758237045,44.23979827292038,4866273.2563733645,36.13890123359286,240.087677128974,0.2577024961716831,587716.0,256.3280842094108,6188.309888885017,6204.807998461625,2.86026093630244,2.5003077898631023,587716.0,14.007089735786394,627.5284083947649,616.0216264488417,581527.690111115,587088.4715916053,1.0095606807112483,1.0606471224982326,3663175.529342101,3627654.9231213545,0
97,44.4090019304639,43.8726300808984,44.28487005383374,44.071075005520996,5615322.6047627665,36.00107332588234,264.66970351279514,2.5808735367213935,587716.0,224.33845643761987,6226.060262423471,6188.309888885017,3.0965802899052024,13.92622148136344,587716.0,10.218436719111217,623.8206236325127,627.5284083947649,581489.9397375765,587092.1793763676,1.0096326098209887,0.8520011891098854,3851621.7826796267,4688142.392496623,0
98,44.339468182892716,43.81793530893812,44.08011776737538,44.126093543805304,5450729.367277356,36.04601722179045,231.44432702598732,2.113040534318941,587716.0,195.6077945741327,6259.783754341007,6226.060262423471,2.68681504780384,12.881699488182305,587716.0,12.413511246279427,623.3524353906098,623.8206236325127,581456.216245659,587092.6475646094,1.009691934588768,1.1062333636590505,4397409.338620007,4373962.3276602775,0
99,44.26374210423588,43.69254928856559,44.03855234104361,43.95918587979733,5413716.9665299915,35.90967174682775,175.7355228794218,1.7300112679472477,587716.0,130.88641260290493,6302.902853349576,6259.783754341007,3.468662835923819,12.811033621464066,587716.0,11.41882377148804,621.9602255406338,623.3524353906098,581413.0971466504,587094.0397744593,1.0097692231939541,1.1115709138566363,4814570.646512431,4730805.164294377,0
100,44.136812912084146,43.58379980797979,43.882238561451786,43.83835737279897,5737164.493638216,35.8109679514675,163.57308352866488,1.4164134282398444,587716.0,117.15709852177118,6347.90242492823,6302.902853349576,3.2024394296735528,13.53769371455441,587716.0,8.748645997141532,617.1711778232209,621.9602255406338,581368.0975750717,587098.8288221769,1.0098556061573754,1.0775007338864198,5209131.54500099,5238286.544249145,0
101,44.04113905075398,43.4456576739764,43.71800527285875,43.80881888071126,6478184.788899091,35.78683788376827,156.8112450044785,1.159661232772574,587716.0,112.05308247722066,6391.500926222715,6347.90242492823,6.244369608493794,15.958709516996606,587716.0,8.204345951481507,609.4168142577058,617.1711778232209,581324.4990737773,587106.5831857424,1.0099446740565652,1.0015044844551915,5191099.3371707415,5626710.782333977,0
102,44.02083020382006,43.43738161839341,43.72529129830021,43.72795226027144,6146280.015853461,35.72078015586151,116.12933283279638,0.0,587716.0,139.52377194998553,6368.106487105527,6391.500926222715,5.6562651728254405,8.710892894569971,587716.0,7.547721806437177,608.253643169573,609.4168142577058,581347.8935128945,587107.7463568305,1.009906034212036,1.0208217626626468,5018836.12210705,5208371.697563636,0
103,43.93860238805456,43.208772356045934,43.75465748054775,43.383374547407165,5974056.480467962,35.43930050354851,134.99962401582144,0.28676372630237706,587716.0,137.67989664487447,6365.13945075017,6368.106487105527,5.280260464702548,8.687524354309417,587716.0,45.650402684844906,645.2165215001086,608.253643169573,581350.8605492499,587070.7834784999,1.0098372996276075,0.8687138355951152,4664101.514201787,5400652.677541653,0
104,43.58830490079206,42.97331288009889,43.390900964983345,43.11099042023802,5797315.339317057,35.21679459194229,106.00525563739642,14.572968596709847,587716.0,136.7573810012587,6319.814356789599,6365.13945075017,3.5846502710512986,7.8838754003780895,587716.0,89.83976611383676,727.1724122135672,645.2165215001086,581396.1856432104,586988.8275877865,1.009617636719205,0.8684381127137653,4283704.708194987,4977098.943158194,1
105,43.476535701723705,42.85371226296011,43.18884346134374,43.074378018337605,5367139.260677038,35.18688662695697,94.90967676168687,12.21810128006841,587716.0,133.0704809466288,6269.435451324589,6319.814356789599,2.723874457178304,25.367792811706977,587716.0,89.26714488968467,791.0717642915449,727.1724122135672,581446.5645486754,586924.9282357085,1.009420273170995,1.0132909533405148,3974021.2348236227,4189727.5163272605,1
106,43.424253137146096,42.758763887886175,43.15921767367347,42.88519652535714,5302042.018145919,35.03234794617174,108.77238516891086,10.003335262213461,587716.0,111.60396291773051,6256.600538313555,6269.435451324589,1.4322190062755602,120.77710880053282,587716.0,84.99461907413362,755.2892745651457,791.0717642915449,581459.3994616865,586960.7107254349,1.0094595050282353,0.9880651283997797,3907659.3617884736,4155825.4418422626,1
107,43.33843279716455,42.674265724428146,43.05651018981786,42.944563167649974,5494811.680203314,35.08084437505207,164.34779557740626,8.763565665128315,587716.0,159.27695036316612,6252.907817862667,6256.600538313555,1.1428820337418886,102.50636720539212,587716.0,141.14342586651685,793.9263332262703,755.2892745651457,581463.0921821374,586922.0736667737,1.009386637047061,1.161331630876053,4253357.070461145,3877254.8940835814,1
108,43.56548246128017,42.908341457737144,43.16260595444279,43.316039146644464,6323881.585095587,35.384297221804374,200.5848653280541,7.3562699635808695,587716.0,187.86001632982482,6257.702869444709,6252.334290410063,1.1927566826284695,96.55905451852769,587716.0,108.00438445171176,807.6657729698735,796.2204430366894,581458.2971305554,586908.3342270302,1.0093713268203681,1.5014570132841363,4919039.04814726,3477939.3592093075,1
109,43.93762373877224,43.21617765866446,43.41380213213753,43.549972294531706,7696905.733005512,35.57539264894715,240.89187580789337,0.7480804781095567,587716.0,248.7863759841983,6248.590724227114,6257.233304881527,1.5500740296119562,88.74639469305552,587716.0,70.13286200525862,790.9304985348044,809.5440312226015,581467.409275773,586925.0695014652,1.009384287433476,1.4343411907589807,5972971.844104664,4646129.882282866,1
110,43.96014924519601,42.87358619430763,43.07312778132984,43.629915081707026,10754427.779310016,35.64069568305834,386.04680154844243,12.264294792222675,587716.0,418.17631038276284,6203.812473652138,6248.206277278681,13.313169782290656,97.39232634924227,587716.0,122.52414972338863,817.6001097026817,792.4682863285354,581512.1875263479,586898.3998902973,1.009260733416446,1.6878616525709909,7206511.303875873,4696543.608021095,1
111,44.082747808725735,43.10548183469206,43.38288967746334,43.819804871319995,10237428.865003476,35.79581334208122,371.3779561149024,21.511704363301924,587716.0,510.86156434540965,6042.50240251872,6203.497715112529,12.69625864706578,56.33897510472075,587716.0,133.34407490552536,895.8642436619218,818.8591438611172,581673.4975974814,586820.1357563381,1.0088464909283192,1.6177482380936874,6605468.417123351,4334723.439526819,1
112,44.19894735584956,43.13234745281345,43.327821521507104,43.84028602353963,10237873.982688284,35.81254285535597,335.9335919444269,17.401304954596377,587716.0,440.61342013725823,5920.1635668751205,6042.244700022548,10.576086650307026,55.0785174300706,587716.0,83.84083544662701,925.6573716631649,896.8950536466085,581795.836433125,586790.3426283369,1.0085831515346144,1.422353256908418,6988392.641405089,5515430.689580098,1
113,44.088221058637295,43.06994765755148,43.26624227670213,43.78172199132108,9697773.702932084,35.7647032655207,287.7931414239099,14.141489030635947,587716.0,351.24609321218,5842.569126056214,5920.1635668751205,8.73474215536552,48.45238358583252,587716.0,69.80941156886767,947.0143996462001,925.6573716631649,581873.4308739438,586768.9856003538,1.0084118470836567,1.192397909075052,6468070.16490053,5777917.319456578,1
114,44.05194776363111,43.139655950056365,43.35772135546256,43.8371134144528,8168783.829985214,35.809952039063916,246.68821146975816,15.019236679325115,587716.0,274.56274536654905,5799.675355480098,5842.569126056214,7.513940516648443,44.76133075933267,587716.0,71.53935347653163,973.792422363399,947.0143996462001,581916.32464452,586742.2075776367,1.0082914028054057,1.7632568722187145,5565105.251155428,4279313.921144366,1
115,44.12098317204423,43.465070195679225,43.627782716388836,43.926963941540365,6925011.376079199,35.88335017394854,179.63411486500198,7.971437302525584,587716.0,182.92757040509366,5788.410462637482,5799.675355480098,2.007889770106043,30.280607150506043,587716.0,38.14411238627121,981.6559275991642,973.792422363399,581927.5895373626,586734.3440724008,1.0082583386509547,1.685576882823797,5039419.273019943,3946284.3998941155,1
116,44.22133553034675,43.58989650365679,43.674155286718424,43.959815743870365,7612928.471032728,35.91018754508773,166.7618197521324,2.593445416898707,587716.0,210.8974773516655,5741.6813596210495,5788.410462637482,2.339278379425869,21.056253437866634,587716.0,28.880530112771062,989.1934405477662,981.6559275991642,581974.318640379,586726.8065594522,1.0081644568700918,1.6744277082718857,6083689.305299539,4508935.244447487,1
117,44.67628971764265,43.821808455540086,43.976822611556926,44.4575697015624,10480450.274068564,36.31679636319609,551.0609053352855,2.6968609718488734,587716.0,356.8758472669416,5933.169556717545,5741.6813596210495,14.427348627170614,72.80169232108452,587716.0,45.01744344997961,961.1744093950703,989.1934405477662,581782.8304432825,586754.8255906049,1.0085447302498807,1.870337135017181,7664862.857568258,4506244.717640006,0
118,45.28643283845926,44.241092664811816,44.662348206509165,44.68776373249332,10248669.373285873,36.5048383915635,725.5215094161059,2.2080030144284466,587716.0,563.8811627474711,6092.601900371751,5933.169556717545,20.596295042435315,105.58224167506913,587716.0,50.57872016014823,905.978664405933,961.1744093950703,581623.3980996283,586810.0213355941,1.0089162164405472,1.6478586468015994,6679977.063024247,4367070.184781494,0
119,45.38153448408336,44.3112788633225,44.85014754857944,44.73515111685869,10027684.450931637,36.54354848810702,719.6923311297595,0.5418262182371488,587716.0,555.1205236210461,6256.631881662228,6092.601900371751,17.79888609715816,86.90102781943061,587716.0,36.784931897567134,855.7051892142651,905.978664405933,581459.3681183378,586860.2948107858,1.0092873295547522,1.2883545674685104,6824777.800948476,5324590.179771746,0
120,45.353754521985095,44.361981453654614,44.88919871725253,44.70604746865327,8833935.650369462,36.519773740423304,626.6158622201754,0.44360978769469583,587716.0,487.37385086194996,6395.430283232758,6256.631881662228,14.753764665197538,82.90880770414034,587716.0,30.01441149092687,802.6819417529658,855.7051892142651,581320.5697167673,586913.3180582471,1.0096194240996779,1.1303796391357772,6272716.16228062,5425919.265560863,0
121,45.28502398183595,44.24428702759019,44.68499933890006,44.58712609976793,8840031.800363498,36.4226290631582,629.1034345901983,0.2577024961716831,587716.0,398.15976644573743,6626.116248881048,6395.430283232758,14.706289447496854,70.22015543453038,587716.0,23.508343537270783,755.9701298557063,802.6819417529658,581089.883751119,586960.0298701443,1.0101003469496088,1.0074342091162176,6026567.07490447,5998397.76513207,0
122,44.976904598060734,44.15023039064061,44.52242075243714,44.2975692202462,7128453.991108755,36.186093502171055,367.09161539453754,0.0,587716.0,294.3561680272374,6698.851696248346,6626.116248881048,7.685498067898463,52.57310336027196,587716.0,11.516187101280716,714.9132135967151,755.9701298557063,581017.1483037517,587001.0867864033,1.0102974247602414,0.8563914078101722,4955141.747890815,5779567.859256303,0
123,44.665129534424146,43.98882782642051,44.177507755275954,44.10945865734113,6726271.429408302,36.03242924547405,211.7494018653288,0.28676372630237706,587716.0,417.5844133359734,6492.7299210514,6698.851696248346,3.3087884864211334,25.290424258063045,587716.0,4.697740309766608,694.3205296484186,714.9132135967151,581223.2700789487,587021.6794703517,1.0099749462775724,0.9175077876580028,4916498.536295501,5440138.71093105,0
124,44.46098354538323,43.93580344300314,44.0111606437104,44.026320642299396,6095228.106377318,35.964514537217,153.00647329113778,0.23478228159099346,587716.0,337.28127535771563,6308.220336703231,6492.7299210514,2.2870289717418943,21.915493403242344,587716.0,6.970865739067456,679.3759019842437,694.3205296484186,581407.7796632968,587036.6240980158,1.009680267278147,0.8960064188793821,4333683.952615933,4888972.477974509,0
125,44.28775125876667,43.71505721402172,43.93150306804168,43.807293768352636,7182007.970669769,35.785594027310765,129.18009283937178,0.19222347421636085,587716.0,316.0589890236022,6121.149217044784,6308.220336703231,2.6272576518721764,23.48941128104287,587716.0,9.270256695025346,665.1567473982261,679.3759019842437,581594.8507829552,587050.8432526018,1.0093799633435545,0.8700008161341751,4896710.497567987,5738876.584973548,0
126,43.864431575468416,43.28597103358467,43.67298006189071,43.4211432164356,8276773.59088546,35.47015325583148,214.5343257268833,29.40727935264689,587716.0,292.6749966668615,6013.601266752159,6121.149217044784,7.586143067617921,46.27940377131604,587716.0,30.230794255057653,649.1081378819679,665.1567473982261,581702.3987332479,587066.891862118,1.009220618928367,0.8028257840912474,4899295.754985455,6402437.964973081,0
127,43.45967741602422,42.536984699602876,43.325514421927096,42.67105561424401,9952846.06651071,34.8574173581117,469.4196375721066,24.076643970367172,587716.0,318.7924166947299,6140.151843659169,6013.601266752159,7.539332778839659,52.59994883832192,587716.0,42.99826495056065,639.5064539942065,649.1081378819679,581575.8481563409,587076.4935460058,1.0094569123836472,0.6547105502327095,4367103.195886088,7358322.528788271,0
128,42.6068425122902,41.68001673062974,42.45465415963206,41.9044906396274,12236858.241975399,34.23122071220507,496.11556014092326,23.047959085697332,587716.0,189.04274567329117,6424.176699041103,6140.151843659169,7.78777148215881,79.37869448528414,587716.0,72.74033027779181,632.8680897867141,639.5064539942065,581291.823300959,587083.1319102133,1.00996190560345,0.6332311865037679,5998228.103797236,9590478.217079679,0
129,41.882896742506034,40.96405273249689,41.770330016321054,41.18030213460275,13008488.384640675,33.63964163456704,549.7198493656294,20.87741898326013,587716.0,251.7947296421071,6701.224399781366,6424.176699041103,10.677543904922771,84.40055256732929,587716.0,70.9064155922179,619.3739528116027,632.8680897867141,581014.7756002187,587096.6260471884,1.0104667496254323,0.6210777438435624,6550600.918086502,10407257.002138201,0
130,41.176960514482445,40.24043309101976,41.07573534993285,40.43561046644314,12321781.920394715,33.03131310947953,529.7155069331405,21.681204587327155,587716.0,249.46953668353189,6959.789165443647,6701.224399781366,12.440242292392838,70.3597793000168,587716.0,92.02954790666628,641.0437214182522,619.3739528116027,580756.2108345564,587074.9562785819,1.010878917429292,0.6279517393968822,6016526.337791855,9543790.854610646,0
131,40.76183625831185,39.67272366076729,40.377857315358796,40.073298875773865,12060965.397396069,32.735345389152805,517.6204567689343,7.277395788925924,587716.0,351.71755079705645,7118.4146756266,6959.789165443647,26.685241850731977,71.35540912282785,587716.0,88.95894992606672,658.6472622214911,641.0437214182522,580597.5853243734,587057.3527377786,1.0111243913167773,0.6859918650127672,6072328.386719994,8968058.002458954,0
132,40.387193238672104,39.46504580568657,40.02073995141083,39.782459766167044,10005671.72001924,32.49776258173964,428.9642875912981,5.958227734713855,587716.0,278.7465434477522,7262.6741920354325,7118.4146756266,21.89408321222083,63.33737480985874,587716.0,69.52294610128064,664.8328335129131,658.6472622214911,580453.3258079647,587051.1671664872,1.011365028299668,0.6112627417507783,5043778.149124772,7677283.832123697,0
133,40.1269699987441,39.38468410792972,39.82085133319603,39.63103866117093,8754051.111929102,32.374067613292276,498.6216759564784,28.56069471599489,587716.0,279.73171420138465,7453.00345907453,7262.6741920354325,18.439447265220913,92.94356569220412,587716.0,62.78199985435808,634.6712676750669,664.8328335129131,580262.9965409255,587081.328732325,1.0117489378708762,0.5657826244678148,3995659.780949306,6687448.109619074,0
134,39.84898581045777,38.937032471231454,39.58929412326323,39.16592118376405,9911174.759057917,31.994118132557766,558.4945610286975,24.939167548013337,587716.0,231.2725918767295,7755.286260678485,7453.00345907453,37.602678364490345,104.4511132847228,587716.0,70.27442248455947,600.4945768749036,634.6712676750669,579960.7137393216,587115.5054231251,1.0123357286653907,0.4934700860016663,3755168.8905561473,7836648.024711846,0
135,39.2817336099039,38.285917867775076,39.07439068276214,38.4627664063622,11348261.9620138,31.419720733509365,771.6429872383278,23.892298831079966,587716.0,302.686786625487,8200.350162460245,7755.286260678485,63.72119362006854,99.96397040982373,587716.0,83.74114590316478,584.2717523682447,600.4945768749036,579515.6498375398,587131.7282476318,1.0131419730141316,0.4733101289981022,4320690.41233212,9173215.573409503,0
136,38.566797049938785,37.56940578674858,38.221044818045215,37.7573591511807,12521102.409883762,30.84348319354433,716.6211379282381,21.749975145772947,587716.0,322.0901560141335,8573.131169228578,8200.350162460245,53.23724953694948,103.66575922070426,587716.0,90.72983704529524,571.3358301928357,584.2717523682447,579142.8688307714,587144.6641698072,1.0138160897370325,0.5273895975783848,5974946.906269114,10622574.608579565,0
137,38.13687401726008,37.11263625046785,37.61680721718657,37.5102681798632,13644976.279340614,30.64163810512531,652.2396387857566,18.094137256828457,587716.0,442.61438102888565,8764.66228972862,8573.131169228578,47.10391288835727,106.0413233896461,587716.0,87.3555603732917,552.6500671764813,571.3358301928357,578951.3377102714,587163.3499328236,1.014183073556773,0.6316927631304632,6944578.694556339,10943003.555573888,1
138,37.98101191179083,36.81035591562125,37.38464470213139,37.44079977902261,12669368.555794064,30.584890319965368,516.5138530226917,5.922970642790679,587716.0,467.17533644948594,8808.077835659034,8764.66228972862,39.29049905969248,84.55469250466994,587716.0,73.99153134701028,542.0869060188217,552.6500671764813,578907.9221643411,587173.9130939812,1.0142770304452737,0.6711500742115919,6465092.114036769,9828190.533910079,1
139,37.91372741362491,36.80565436469192,37.387722885920454,37.40636067750817,10565769.304806355,30.556757667233114,461.3187577894298,4.005362379787919,587716.0,453.7670411520743,8811.624189916602,8808.077835659034,23.880331068606363,65.79068384236156,587716.0,60.53150666101271,536.8277288374727,542.0869060188217,578904.3758100835,587179.1722711626,1.0142922604834734,0.6773702393885729,5857372.644063384,8534054.64296102,1
140,37.90069004532362,36.9193351920526,37.47003396223373,37.51151879056246,9450742.29163345,30.642660138878284,274.13568693310435,1.3804127287075205,587716.0,460.4538411635491,8623.92562295745,8811.624189916602,10.906916082141827,53.586945329139176,587716.0,44.569465326385085,527.8102488347187,536.8277288374727,579092.0743770426,587188.1897511653,1.0139791702029055,0.7144021417460567,5626963.663008748,7699479.138133758,1
141,37.96007239252598,37.13454394357869,37.66996159008526,37.667003588012825,7826130.651803058,30.769673100402073,265.7813486812395,2.293576602006908,587716.0,473.4438262801649,8413.969568756518,8623.92562295745,5.975982195040279,41.188282599847675,587716.0,27.02855945445047,513.6505256893215,527.8102488347187,579302.0304312436,587202.3494743108,1.0136361303885983,0.7636496408276812,4736928.834986148,6254284.408043416,1
142,37.989894979143756,37.261784099147256,37.7899645717557,37.70842190495606,7442267.532848876,30.80350629254258,350.8559664731913,2.3458546718275497,587716.0,355.59243189689386,8406.887248660987,8413.969568756518,3.8080558972836496,34.26434090731291,587716.0,44.09694286646312,522.9096001958669,513.6505256893215,579309.1127513391,587193.0903998042,1.013607669581949,0.78824464527599,4739974.107862481,6047307.684033571,1
143,38.07626924242476,37.425614806799935,37.83776977883859,37.847304945770986,6769974.601819728,30.916958119561365,400.903954450816,1.8151288826965128,587716.0,383.7378564613924,8422.238217767714,8406.887248660987,2.6957945550246567,46.74781982779193,587716.0,34.810820752982906,510.50303655787593,522.9096001958669,579293.7617822323,587205.4969634422,1.0136559255970192,0.767399529330868,3968006.431756085,5100985.818990234,0
144,38.10776128601761,37.55150107370591,37.928318773465875,37.87416681947166,6564718.872836391,30.93890187138204,414.21799044447647,1.4861018370637118,587716.0,399.21275728428736,8435.75734909084,8422.238217767714,1.9961409474181426,37.554702696453475,587716.0,28.490256098267714,501.0541430112574,510.50303655787593,579280.2426509092,587214.9458569888,1.0136958709264206,0.6409001752432075,3189075.0566917853,4752057.574257899,0
145,38.15612972986393,37.65984267529512,37.90884666587232,37.9444491015509,5896408.955514642,30.996314208915543,448.9916536762885,7.238755528559663,587716.0,293.0700317352928,8584.440215503277,8435.75734909084,0.7309067224091813,30.644646516796527,587716.0,20.99158591637695,491.08632387122896,501.0541430112574,579131.5597844968,587224.9136761288,1.0139734261556677,0.5952630526717425,2642617.256187799,4264503.875721332,0
146,38.2153434757638,37.646692446797225,37.91400322892021,38.029182030918896,7024017.32011918,31.0655312658005,361.66112278973185,7.195476493699186,587716.0,243.78277229001904,8695.123089509289,8584.440215503277,1.4587069901749596,27.086627212537394,587716.0,21.715237142777095,485.45723130529694,491.08632387122896,579020.8769104908,587230.5427686947,1.0141768531202984,0.6254690675658656,3619088.9499277244,5330408.456353116,0
147,38.367979829228915,37.78837073508633,37.970303386228416,38.193647709146845,6947717.611723378,31.199881304843196,308.4822998244391,6.540460108587664,587716.0,271.62052458940957,8725.444404635731,8695.123089509289,2.809376151019965,21.638748907076888,587716.0,10.911357907364904,474.729840305585,485.45723130529694,578990.5555953644,587241.2701596944,1.0142484678100103,0.7295134465937781,3626093.085471268,4840359.846138078,0
148,38.40773535904196,37.52860215307764,38.020186736985295,37.797118348598964,12414334.53412665,30.875962270847715,419.2608293933918,11.090150356228017,587716.0,197.9640554627124,8935.651028210183,8725.444404635731,4.307468735920537,16.462179339351387,587716.0,13.251255515000175,471.5189164812338,474.729840305585,578780.3489717899,587244.4810835188,1.0146226038084398,0.7319273712305286,7979355.479614084,10878409.356653476,0
149,38.17840796210042,37.348387335849516,37.789419055334044,37.67766108742688,12602130.201478971,30.778379191662985,444.0757850743571,9.079847152902614,587716.0,191.87549910497523,9178.771467026661,8935.651028210183,3.526657122020084,22.459878114591564,587716.0,36.644561406264344,485.70359977290656,471.5189164812338,578537.2285329733,587230.2964002271,1.0150246065958328,0.8194321415956833,9916185.435539465,12515627.130733179,0
150,38.08195411229154,37.315545850912194,37.714371341849194,37.664400287787075,11022578.738355856,30.76754590919981,343.13164930464836,5.505329756643766,587716.0,165.28415867864936,9351.113627896018,9178.771467026661,2.676393682598613,21.091296282765242,587716.0,46.78587501698435,511.39817850712575,485.70359977290656,578364.886372104,587204.6018214929,1.0152826391976484,0.9346204761256072,9332186.223765772,11123797.030848045,1
151,38.0407247322292,37.32030578054546,37.7102804349148,37.69507189447655,9620401.464076508,30.79260163813816,322.6037036009202,5.489503779751324,587716.0,222.5155218936776,9445.712305823508,9351.113627896018,5.029163366472186,23.685340322901705,587716.0,48.45021056192131,536.1630487461453,511.39817850712575,578270.2876941765,587179.8369512539,1.0154057149824773,0.9151411944110588,7894142.922423951,9409197.803573817,1
152,37.97910898564964,37.29485693320893,37.6714941397059,37.65458374632789,8603227.310140051,30.7595279626289,265.4194362419748,5.32499703068866,587716.0,228.06365757846535,9477.743087456329,9445.712305823508,6.35220109712559,22.53293314082931,587716.0,46.24985871712886,559.8799743224448,536.1630487461453,578238.2569125437,587156.1200256776,1.0154207865936,0.9541631420513701,7004857.425033109,8177907.167511656,1
153,37.87279568035435,37.27157073938703,37.66313989860081,37.68079607208192,6319674.28699359,30.780939921481867,162.6368868838999,2.249849241466566,587716.0,315.88665631383503,9322.243468784927,9477.743087456329,4.749044758592281,21.516598149146866,587716.0,50.592231069799944,588.9556072430978,559.8799743224448,578393.7565312152,587127.0443927569,1.0150977466644409,0.9568056145633296,5236945.605531308,5661716.0954813985,1
154,37.885973543744974,37.23668128350404,37.74069552750783,37.58688165963981,6433965.229004674,30.704223285709887,111.69849804122211,1.8420207637778478,587716.0,318.4331675918185,9113.666778470553,9322.243468784927,3.8881889916033003,20.806323259271814,587716.0,42.975483434013924,611.1247674178401,588.9556072430978,578602.3332215295,587104.8752325822,1.0146936162431137,0.9525110910974257,4811169.639846979,5138538.602693792,1
155,38.06584922962955,37.237609191866134,37.63443722297203,37.774169829039025,6302866.864876257,30.85721653443011,113.30289757721215,1.402624567732758,587716.0,417.63907774620384,8807.92797373383,9113.666778470553,3.4701436275072663,21.790881210633152,587716.0,33.44390077383705,622.777786981044,611.1247674178401,578908.0720262663,587093.2222130189,1.014137783366333,1.119049011614394,4318857.866456709,4303257.288345102,1
156,38.068250756895964,37.29572186302205,37.727076132111705,37.705674609456835,5885046.816698017,30.801263376061176,135.61103077277681,0.5154049923433662,587716.0,394.68172702783545,8548.341872486428,8807.92797373383,1.6806740322538363,27.685892365391084,587716.0,23.81107311136097,618.9029677270139,622.777786981044,579167.6581275136,587097.0970322731,1.0136898389762667,0.9652796553652259,3725136.40076524,4237917.509483888,1
157,38.58111680620114,37.50480900528939,38.06628489067793,37.889557012317155,10839123.191459548,30.951474441223993,515.21559641302,0.0,587716.0,551.5948569298512,8511.962611969595,8548.341872486428,39.89446895203024,59.511213639765735,587716.0,25.82294611846583,585.2147002057139,618.9029677270139,579204.0373880304,587130.7852997943,1.0136840928044202,0.9754679073941674,5798056.321735153,6094468.410038166,1
158,38.884007769670795,37.88118859954365,38.36213218112678,38.25436253899791,10751718.253196556,31.24947966396369,560.4336470677667,0.28676372630237706,587716.0,679.1771920745551,8392.932303236505,8511.962611969595,39.1528998343162,58.839116923884745,587716.0,26.085315820750942,552.4608991025801,585.2147002057139,579323.0676967636,587163.5391008975,1.0135322754614657,1.0616800044097323,5793111.158866106,5660414.234471475,1
159,39.07464204616578,38.08897418763472,38.57567552096854,38.574139018946234,11519419.113025106,31.510700753896757,493.45488417257866,7.40387543915042,587716.0,603.3507096271773,8275.632602342755,8392.932303236505,32.91597434544362,59.406185866921064,587716.0,18.857653448800317,511.91236668445936,552.4608991025801,579440.3673976574,587204.0876333156,1.0133970422768854,1.062083864771239,7052919.447980715,6857717.609080124,1
160,39.54400456781234,38.37610288195737,38.87494819167773,39.09797335973721,11878257.658575516,31.938615053998394,555.9928343803582,6.061780513991197,587716.0,669.1313973755573,8156.432258833565,8275.632602342755,28.85117206887687,52.15756175137485,587716.0,45.868966485200374,505.62377141828495,511.91236668445936,579559.5677411665,587210.3762285818,1.0131995610286397,1.2758218570956164,7297104.546910956,6332282.103317038,1
161,40.00443462989718,38.762143889859985,39.461932242695994,39.371288097854716,11970639.59588377,32.16188127527464,550.2815159623118,4.962966125213448,587716.0,590.0428872379887,8111.707921432675,8156.432258833565,25.055160466645884,61.18361006979087,587716.0,41.25254220342902,485.69270355192305,505.62377141828495,579604.2920785674,587230.3072964482,1.0131557369981878,1.225424681828753,7460013.004778281,6856685.990601045,1
162,40.00511713322244,38.971896011810585,39.54646725058267,39.62536930186076,9062285.608128503,32.369436913309,360.68314436555823,4.0633329931965205,587716.0,451.937987404689,8016.389745400347,8111.707921432675,9.396356958485654,37.39046154301326,587716.0,31.832720235935067,480.1349622448448,485.69270355192305,579699.6102545997,587235.8650377553,1.0129985733571234,1.2564242557208805,6174605.7139143385,5481002.059154866,1
163,40.015408162862,39.0856042389721,39.633806403265275,39.59803797857166,7752432.805890564,32.34710994827437,355.1046885964092,3.221281202146039,587716.0,287.5483556558461,8080.724797138766,8016.389745400347,5.840240835666995,31.5249689234343,587716.0,22.55138947989729,471.1613828013078,480.1349622448448,579635.2752028613,587244.8386171988,1.0131265406699175,1.080233281789357,5143531.834827081,5067230.865588001,1
164,40.00191841664595,39.15827100662421,39.62983294745637,39.6330139477164,5793227.832524502,32.375680444199645,297.0541545338567,0.5735274526047541,587716.0,246.16836341949755,8131.03706080052,8080.724797138766,4.75186506570372,21.607017716093246,587716.0,22.705532562689445,472.25989764790404,471.1613828013078,579584.9629391995,587243.7401023522,1.0132125968438617,1.1769096732278777,3624236.1932245092,3425937.0300294664,1
165,39.92014749195157,39.29406217995701,39.67189706872013,39.63921303465301,4071077.900071734,32.38074437639915,227.62939045589195,1.9033831946938722,587716.0,151.85138792060985,8204.91168014111,8131.03706080052,3.152036708106049,19.30836874079004,587716.0,8.781682167603806,461.7332110747178,472.25989764790404,579511.088319859,587254.2667889253,1.0133598782569253,1.2402400937458893,2392653.0017893324,2527442.125228655,1
166,40.086398564020705,39.42797055958255,39.88314830805651,39.728683920787404,3353245.1603737483,32.453832583562786,204.66315240031795,2.4186495352948203,587716.0,183.15327874262246,8224.002904263509,8204.91168014111,4.060543074971953,11.277994618278601,587716.0,12.02171252170102,462.47692897814017,461.7332110747178,579491.9970957364,587253.5230710219,1.0133919543831054,1.0358591516558482,1467219.539710747,1648224.7023851767,1
167,40.162040703976004,39.58210682993601,39.92312658740021,39.86010540068593,2689080.99961676,32.56118881060857,161.09302203326536,1.980222755463639,587716.0,166.21233612031753,8216.903367420993,8224.002904263509,2.0585577371130643,9.279696082735624,587716.0,11.895946885998878,465.0931797814035,462.47692897814017,579499.0966325791,587250.9068202187,1.0133750129254746,1.4750198396551826,1173058.1844243798,1155504.8460421083,1
168,40.28281057957696,39.751316837234384,40.06001317892918,40.045339104511555,2755343.838357104,32.71250487334561,113.13287028201296,1.6212692678429015,587716.0,182.03659065825525,8146.378377776908,8216.903367420993,2.3347067465074987,9.607869622159395,587716.0,10.781137978378684,466.2664481376227,465.0931797814035,579569.6216222232,587249.7335518624,1.0132496901818573,1.4980256894641049,1321721.179854674,1047758.5063993747,1
169,40.440526423821495,39.996982149407444,40.24675010336776,40.26192555708552,3527015.5044385465,32.88943213986314,108.6364932366811,1.1163940498424894,587716.0,170.22068811130887,8083.6777888524375,8146.378377776908,1.8060017334039704,7.54977489308455,587716.0,9.327552877028527,468.0442261215667,466.2664481376227,579632.3222111476,587247.9557738784,1.013137021801471,1.4035087358144798,2095824.4824100542,1787038.8051131607,0
170,40.55761867735562,40.12196736417746,40.430616710339564,40.39705359378394,3283650.850239217,32.99981662773411,100.9820025193987,0.38655374425752465,587716.0,203.86135236038479,7980.411885267193,8083.6777888524375,1.4786291592499734,4.809804651839688,587716.0,8.332111667233635,471.5665331369607,468.0442261215667,579735.5881147329,587244.4334668631,1.0129504995048833,1.2818259735198072,1883006.6792198543,1629692.3156885863,0
171,40.549476498321155,40.12095740828592,40.44549608222371,40.33562927481727,3599682.8333480814,32.949639902234,133.12050811035894,0.5735274526047541,587716.0,172.79554316117867,7940.1633227637685,7980.411885267193,0.47213780941328143,4.4683583575503025,587716.0,4.500877513676136,471.5990522930865,471.5665331369607,579775.8366772362,587244.400947707,1.0128800966067861,1.1069019021284516,1842172.2860811339,2242296.5517463842,0
172,40.375210047428844,39.96619897379134,40.30359969828295,40.17672545750548,4106955.8279582676,32.81983305528628,140.15045847056598,0.7563282894843639,587716.0,151.28970376208326,7928.267749182767,7940.1633227637685,3.8277184598860496,8.8959042440839,587716.0,5.889957511186735,468.5931055601894,471.5990522930865,579787.7322508174,587247.4068944398,1.012864485108124,0.7870431701238827,1912182.2204371523,2773261.1065312247,0
173,40.31707637253062,39.85234548878658,40.14522721470564,40.084366368519795,4180119.013219781,32.74438577815566,137.17092001867854,0.6192292300237152,587716.0,127.75818548612338,7937.061254485299,7928.267749182767,3.6776785579990525,10.394647290581435,587716.0,4.687075157512174,462.8855334271201,468.5931055601894,579778.9387455147,587253.1144665729,1.0128896904801714,0.751868410247499,2120930.706861523,3025499.4936067075,0
174,40.18196568307705,39.71314390840813,40.04275345559279,39.97710087871273,3700272.987454176,32.65676189606336,126.17462352477159,0.5069820138252151,587716.0,102.59653081817814,7960.132365178067,7937.061254485299,4.444847166881195,8.510417404197742,587716.0,2.9934967384001707,457.3686127613225,462.8855334271201,579755.8676348219,587258.6313872387,1.0129395176955933,0.6886114117299736,1669050.7054666083,2644406.193652952,0
175,40.06607136063924,39.566710678046185,39.937756061261624,39.745897460312534,4311672.31205336,32.46789476311848,122.96928234086116,0.41508176597611024,587716.0,85.98815526285208,7996.698410490099,7960.132365178067,3.639133068257175,11.269196344882436,587716.0,12.53365331525301,458.6330697316931,457.3686127613225,579719.3015895099,587257.3669302685,1.0130012148118703,0.5411374618019669,1703279.8728950862,3379122.508056097,1
176,39.97646016066487,39.530546779048436,39.828389482461944,39.763282501259134,4044095.769481807,32.4820963536711,112.49074394522162,0.12885124808584156,587716.0,88.01988572919541,8021.040417458041,7996.698410490099,2.979470157525184,10.208558612180989,587716.0,14.276379585848723,462.7008907053608,458.6330697316931,579694.9595825421,587253.2991092947,1.0130367318566567,0.6865691103871474,1917336.5938351478,3054362.5748102274,1
177,39.967875607429164,39.23824586111205,39.85719487652153,39.48844903348803,4414281.790681135,32.25758779118999,173.87767004381863,0.8602911789071312,587716.0,150.56049310379657,8043.497303219156,8021.040417458041,2.6072687247915454,30.72858250786689,587716.0,29.454477672321985,461.42678586981594,462.7008907053608,579672.5026967808,587254.5732141302,1.0130781754300724,0.6127605380215063,1829081.2827401285,3348053.7349944618,1
178,40.02429072709192,39.074409722585735,39.56533798320996,39.62040271397964,4469135.747557806,32.36537836842824,165.37723912162699,0.7043468447729804,587716.0,228.17639420921554,7979.993801286793,8043.497303219156,2.104931374686552,39.242528774229754,587716.0,42.93619814275531,465.1204552383415,461.42678586981594,579736.0061987133,587250.8795447617,1.0129608711376779,0.7925348955230809,1848727.1370865717,2880298.9428870087,1
179,40.11119110787526,39.17495744325035,39.74070702573268,39.75711427916026,3837110.8087152746,32.47705605723303,146.74657029244244,0.5766704226490825,587716.0,209.94330036842132,7916.220400788166,7979.993801286793,1.7694271052775519,33.84964749382377,587716.0,36.01347701863064,467.28428476314843,465.1204552383415,579799.7795992119,587248.715715237,1.0128457366883172,0.7872112494297514,1519321.3287424103,2349405.9930100874,1
180,40.196677089608514,39.40214678037915,39.855611118920365,39.96480538416052,3614046.708476223,32.64671624631864,239.2597414134839,0.47213780941328143,587716.0,199.02546644513464,7955.982537947101,7916.220400788166,1.7354481127228607,30.7195498141752,587716.0,27.589391507463414,464.1541264564366,467.28428476314843,579760.017462053,587251.8458735435,1.0129206108607396,0.8037710446942329,1585410.499160506,2183585.025659242,1
181,40.39571098743002,39.48102620441807,39.902883359019555,40.0821012392748,4316223.161826502,32.74253373148411,229.25033211855103,0.6733174705599017,587716.0,353.5123043356581,7831.047248259434,7955.982537947101,2.5679196454668585,28.24600171922499,587716.0,22.54517920605566,458.45330394326726,464.1541264564366,579884.9527517406,587257.5466960568,1.0127122836295381,0.9885374769034969,2203461.821783128,2299704.6275704047,1
182,40.76467563115961,39.83370877922512,40.131771733554935,40.59528191959247,6130943.836059566,33.16174493376228,239.1672807684571,0.23478228159099346,587716.0,491.54154332909866,7578.438203417202,7831.047248259434,5.589654556508309,32.798481721347045,587716.0,31.56925675171471,457.2240789736349,458.45330394326726,580137.5617965829,587258.7759210265,1.0122737379203173,1.7334527188630071,3561312.6233662795,2009680.2963129426,1
183,41.101526356543765,40.27720944562944,40.72197757988755,40.83528098523339,6149166.569385505,33.357797105860804,335.9993364886959,0.19222347421636085,587716.0,447.8405369002469,7466.4047795314345,7578.438203417202,10.49296585746538,25.92591262075356,587716.0,19.17084944164224,450.46901579452356,457.2240789736349,580249.5952204686,587265.5309842055,1.0120898790889195,1.4431727347620462,3254713.7588541107,2474981.332696792,1
184,41.22865989797809,40.51290658069476,40.80320571414885,41.00688794405609,5657738.727936654,33.49798154729092,311.9754845704135,0.15737926980442715,587716.0,386.46227202949996,7391.760612802544,7466.4047795314345,8.379924879743465,22.313957445755623,587716.0,16.239571741266413,444.3946300900343,450.46901579452356,580324.2393871974,587271.6053699099,1.011970068911575,1.4500598479424176,3130455.8243044135,2384449.485256679,1
185,41.427840261254076,40.77311240546573,41.037979897249706,41.24626874240795,5163420.280515892,33.69352786628531,261.1542466040645,0.12885124808584156,587716.0,327.22073096627906,7325.565277192243,7391.760612802544,7.328935180753678,16.5812115136278,587716.0,13.41766662463558,441.2310852010421,444.3946300900343,580390.4347228078,587274.768914799,1.0118598829888816,1.632799596407908,3022129.899163215,2038365.8839023071,1
186,41.643810714426216,41.060814176176024,41.366000551515974,41.52828715673912,5000477.937886711,33.92390524236383,256.23654821171596,3.441164715628525,587716.0,234.82604411113866,7343.5346165771925,7325.565277192243,7.2990290600910015,14.78499309427452,587716.0,21.355005502725724,447.8010976094933,441.2310852010421,580372.4653834228,587268.1989023905,1.0118798775649287,1.5440668439681935,2923567.9510168424,2070929.0433567562,1
187,42.0909028404885,41.40512573512983,41.61806789680022,41.992530376622774,5850849.734389069,34.30313981220681,295.7893008208894,2.8173873790919215,587716.0,418.92953967957607,7217.576990339413,7343.5346165771925,5.0725443003861095,9.836006991442844,587716.0,17.84200679077014,455.8070974088206,447.8010976094933,580498.4230096607,587260.1929025912,1.0116467115241612,2.1676095518973018,4037176.0851657656,2020873.2719108588,1
188,42.430577293709625,41.7188194911556,42.03438836621668,42.331093040401285,6061906.3762213355,34.579707388809766,249.8915504691953,6.608137585131987,587716.0,321.53043365003043,7139.329969573446,7217.576990339413,6.239119842624662,7.980217619732455,587716.0,17.083178713570735,464.91005850265896,455.8070974088206,580576.6700304267,587251.0899414974,1.0114946838839267,1.9905021714118512,4411210.754864983,2652799.6641367255,0
189,42.761426454286884,42.07750454216546,42.421899383999545,42.642235283627386,5823629.875230478,34.83387531373861,221.61233972996922,5.410285461518027,587716.0,286.4003116542051,7069.131712187693,7139.329969573446,5.108159287295869,7.621265063061841,587716.0,15.103858966498326,472.3926524060954,464.91005850265896,580646.8682878125,587243.607347594,1.0113594697199855,1.9966476453975288,4310097.854327884,2529740.3364061317,0
190,42.98104086842164,42.285958074860545,42.5807763252562,42.71139759329263,5637038.08594274,34.89037354535558,187.2353417952757,4.429567090275512,587716.0,265.45364481865755,6986.483842074035,7069.131712187693,4.544745593974071,8.247110168604173,587716.0,15.490675103512253,479.63621734100354,472.3926524060954,580729.5161579261,587236.363782659,1.011202986068846,1.8077103615274592,4232550.881737603,2682365.352630616,0
191,43.0665707637251,42.21139029752837,42.496598414508846,42.82240313651912,6329110.606338328,34.981052107379476,158.48954019909021,10.963600836137719,587716.0,227.37906541351217,6906.6307160234755,6986.483842074035,3.3747198327224543,8.670349667658918,587716.0,11.541539139755063,482.2206430867973,479.63621734100354,580809.3692839765,587233.7793569132,1.011059401419545,1.6563662618481414,5055532.755176012,3706107.2515006093,0
192,42.96698826706318,42.11571877344495,42.50694726052727,42.51426797643732,5003649.889751065,34.729340160878294,152.35768662640345,8.976237169017427,587716.0,92.5750359288792,6957.437129551983,6906.6307160234755,3.6990528565208463,10.285753589906484,587716.0,8.03488071981286,479.73498793511266,482.2206430867973,580758.562870448,587236.265012065,1.0111521349721435,1.1179795101418875,3761471.005062931,3459607.673270048,0
193,42.7420751514266,41.957452745077404,42.25599454952364,42.311763847686535,4311106.082237626,34.56391732840146,150.2512518047409,5.766704226490826,587716.0,225.8828541695757,6876.038822960657,6957.437129551983,1.4461111401891888,9.508878264170798,587716.0,7.923063438619925,477.95694963534544,479.73498793511266,580839.9611770394,587238.0430503647,1.0110135396531472,1.2120704842430945,3302073.9246769184,2837955.949907806,0
194,42.37153500722107,41.03630250245966,41.24907959551098,41.92034540815999,5226990.446968499,34.24417334083555,160.67484930949698,4.721378094132815,587716.0,311.7505672383532,6720.241726937668,6876.038822960657,4.625140378470078,13.74780989082393,587716.0,13.98876763535068,478.0405281100677,477.95694963534544,580995.7582730624,587237.95947189,1.010742427885935,1.0193791421325273,3402704.4801329398,3543449.6906245193,0
195,41.70064481641294,40.29795280350212,40.719698457406395,41.10777481654675,6920502.242863298,33.58039461092235,248.0497075577473,3.865537442575247,587716.0,381.27153918876184,6583.154357864078,6720.241726937668,4.72281061160498,70.16414846031913,587716.0,17.64295739202106,425.39048579368387,478.0405281100677,581132.845642136,587290.6095142064,1.0105945949439337,0.8881914429857032,3913719.109348376,4885740.136330723,0
196,41.15812699166069,39.86386760056545,40.449941232836274,40.496878919925365,6955544.961516164,33.081362172583724,219.15944742190982,0.8602911789071312,587716.0,367.3970586397795,6434.056455467301,6583.154357864078,4.908270714513178,58.11118367200307,587716.0,28.01483703970979,395.29413916139055,425.39048579368387,581281.9435445328,587320.7058608386,1.0103871568968144,0.8292098257287421,3845522.351456196,5132708.6376766255,0
197,40.54337843765863,39.22549364972825,39.948411060614134,39.73848484045156,7044344.956229379,32.46183920543163,211.37453952967797,0.7043468447729804,587716.0,320.70326599658574,6324.02338215562,6434.056455467301,4.4568654397896745,52.953100178125325,587716.0,30.438520566443295,372.77955954970855,395.29413916139055,581391.9766178444,587343.2204404504,1.0102345069813903,0.6795694433294994,3392900.366520111,5431887.044083806,1
198,39.56229967468443,38.36020653678532,39.01701267210479,38.906280861960134,7444395.535062614,31.782022184364656,270.0115342038567,2.870780233068099,587716.0,246.35277646533547,6344.811359661073,6324.02338215562,10.244538502840904,69.67715498279165,587716.0,45.871040229881544,348.9734447967984,372.77955954970855,581371.188640339,587367.0265552033,1.0103115816240047,0.5487960299259378,3123759.7342039086,5510830.092112121,1
199,38.78461689630271,37.93132989850664,38.612459143454174,38.24669776742679,6761244.199033339,31.243216859573998,262.64432612347923,4.357742146257868,587716.0,208.06578620623918,6395.032157432056,6344.811359661073,7.121584970803007,60.64249479799393,587716.0,42.91833395200021,331.24928395080474,348.9734447967984,581320.9678425681,587384.7507160492,1.010429364636803,0.4354795480514376,2459548.0510619557,5266674.714340672,1
200,39.03063317694729,37.93865006334916,38.544748193745555,38.523657830716516,7351982.30821115,31.469462576628757,827.1324260610153,4.428108688032497,587716.0,230.3899217125674,6987.346553092471,6395.032157432056,7.416028792849586,31.434952165305415,587716.0,52.75592798095289,352.5702597664522,331.24928395080474,580728.6534469075,587363.4297402336,1.0114256674726314,0.5642823984731309,3605032.864992911,5693281.9706562,1
201,39.0939470520008,38.027700972182785,38.55275621064357,38.647074357002424,6971000.4610649,31.57027969449038,1342.6405681763363,3.5957090490253005,587716.0,189.83950043303363,8136.551911786748,6987.346553092471,6.223280373501058,28.544959898617208,587716.0,40.106792007194045,364.132091875029,352.5702597664522,579579.4480882132,587351.867908125,1.0134183942456922,0.487597133960385,2984469.2051841384,5443234.998920935,1
202,40.11766072267509,38.372887323946365,38.735011665958005,39.84064650119925,11167591.368689865,32.5452942488829,2373.8959572453477,3.230681303860176,587716.0,438.8405283872248,10068.376659341011,8136.551911786748,22.844822345720623,26.181785329611856,587716.0,86.94880013511494,424.8991066805321,364.132091875029,577647.6233406591,587291.1008933196,1.0167194832162596,0.7103634773870844,4931474.499629093,6138084.647052492,1
203,41.49508790343055,39.37523661895678,39.78345215159331,40.97773543440043,16403432.064200278,33.47416763120586,4885.915201927877,1.8011023018215266,587716.0,1279.554026167033,13672.936732800033,10068.376659341011,45.52728566013876,21.26931845236625,587716.0,96.14790470571569,499.77769293388155,424.8991066805321,574043.0632672,587216.2223070662,1.0230362036909753,0.7814535694712229,6119646.827954,7199126.9009962585,1
204,42.710345160894995,40.31059564627869,41.20860946615899,41.64304036305646,18745851.097870164,34.017646755013274,5103.461548569603,0.7361564882783127,587716.0,1341.8459400248614,17433.8161848565,13672.936732800033,45.877500663193125,29.82341108839493,587716.0,192.37274312961767,662.3270249751043,499.77769293388155,570282.1838151435,587053.6729750249,1.0295174731434853,0.9602151432822876,7335762.746615415,7452415.735680102,1
205,43.21595496790893,41.116593640022316,41.91378276552803,42.161667906306455,21463633.86805472,34.44130719994371,4562.437570552002,0.2862305178902687,587716.0,2046.8025457760477,19949.16497911456,17433.8161848565,53.168391710884706,121.69263743582886,587716.0,201.62884355261144,742.2632310918868,662.3270249751043,567766.8350208855,586973.7367689081,1.0338983055678304,0.9896002817706904,8384563.026628353,8260164.823191948,1
206,43.61096957408365,41.61958510360776,42.22479576047157,42.698686744310955,20346663.769837104,34.87999090412468,3626.4411145309086,0.12885124808584156,587716.0,1998.6745650572157,21576.80267734017,19949.16497911456,46.18724568966081,124.46307003283397,587716.0,178.86072913045052,796.374126463201,742.2632310918868,566139.1973226599,586919.6258735368,1.0367309814019452,1.195187226744975,9009000.413286537,7816875.32868572,1
207,43.745454674634644,42.22619094796331,42.82057602612026,42.78495383458554,16525015.412950758,34.95046107473348,2582.8908751170147,0.0,587716.0,1866.4444182321172,22293.249134225065,21576.80267734017,33.462876055550176,109.36055091813138,587716.0,135.48210848094243,822.2609017444211,796.374126463201,565422.7508657749,586893.7390982556,1.0379744518419711,1.352697605460889,7698598.344670864,6326943.588117806,0
208,43.71463033901243,42.57826473463629,43.14120163930649,42.90996399015104,11693682.805179192,35.05258079166592,1051.1172970683108,0.0,587716.0,1310.8475138836775,22033.5189174097,22293.249134225065,17.496939995226285,86.52356136389723,587716.0,101.37237711317496,836.9174940194825,822.2609017444211,565682.4810825903,586879.0825059806,1.0374723953598965,1.4175137945791667,6000288.57104829,4599691.516033828,0
209,43.56265302101112,42.66659989624389,43.00104832105625,42.91707330114491,9382273.815317731,35.05838827412734,488.2024594273471,1.1470549052095083,587716.0,1175.7012043364,21344.873117595438,22033.5189174097,12.020739656348239,79.22394096856836,587716.0,46.08246779971875,803.6186415808285,836.9174940194825,566371.1268824046,586912.3813584192,1.0362685853232336,1.3888490086940106,5288076.279764494,4046124.6807470345,0
210,43.431315383504256,42.63261177794895,42.921590402410715,42.87772472561696,6736634.877956653,35.02624508458986,212.0342195138251,2.372947757875859,587716.0,817.1407380012039,20737.393651350183,21344.873117595438,5.26238253822778,35.168541649112754,587716.0,20.173945908402867,788.4951945920327,803.6186415808285,566978.6063486498,586927.504805408,1.0351847688665774,1.26927577384972,4092175.681779026,3305958.4725214667,0
211,43.29280697035884,42.64698261298558,42.897916267346346,42.78518354443388,5732710.967167942,34.95064936241624,135.80651437821342,2.2295690311227876,587716.0,689.090452917947,20181.880143779326,20737.393651350183,3.827057077308818,41.847903343307586,587716.0,13.717685014464239,760.3649762631894,788.4951945920327,567534.1198562207,586955.6350237369,1.0342206919191343,1.1962539029393875,3502176.1401905697,3051868.5905499896,0
212,43.097981604286154,42.36306843796832,42.74139078220807,42.53735943525844,6295804.143706102,34.74820491948872,180.04609534860361,2.1121804581928836,587716.0,582.609889965499,19777.204168704237,20181.880143779326,2.576137214236974,64.90573102943185,587716.0,12.700530877509076,708.1597761112666,760.3649762631894,567938.7958312959,587007.8402238888,1.0335752238008524,0.9655098198356101,3434771.186545004,3986234.768925433,0
213,42.75735096333942,41.98953962371417,42.29482656425433,42.23111902081854,7392361.51120056,34.498040219830926,200.99235848371842,30.405679727410565,587716.0,1742.3161219093897,18205.474725551157,19777.204168704237,1.7926793233033755,66.12046049595229,587716.0,10.595919800619445,652.6352354159337,708.1597761112666,569510.5252744489,587063.3647645841,1.0308341937717829,1.166340964519061,4029750.6729127825,3897011.2199678067,0
214,42.386345193347566,41.56968458371164,42.05513483997475,41.76747306543102,10222573.392495029,34.119294431214115,340.24656723152555,24.75885086985172,587716.0,2992.9850774575016,15527.977364455328,18205.474725551157,2.011529433161554,67.71076161511125,587716.0,10.4745134991608,595.3989872999833,652.6352354159337,572188.0226355447,587120.6010127,1.026148251902174,0.9721447955674588,4349908.495651629,5759151.839542488,0
215,42.386665784414184,41.28477527758821,41.67546732265019,41.836143698336386,10647966.42924787,34.17538991709849,346.5866588742858,20.60365140002448,587716.0,2624.4215583603163,13229.538813569276,15527.977364455328,2.2664835159585985,74.51778929555377,587716.0,30.12914085367465,551.0103388581042,595.3989872999833,574486.4611864308,587164.989661142,1.0221250942029205,1.3061594062600128,5036100.241301218,5182870.161838525,0
216,42.278982940492625,41.19489312997804,41.681547876984794,41.73085834851037,11978506.869384458,34.08938314390403,376.58934636515926,16.7633485475179,587716.0,2152.2883037267384,11437.076507660177,13229.538813569276,2.5049419760060294,66.15383701281849,587716.0,27.446132308229306,512.302634153515,551.0103388581042,576278.9234923399,587203.6973658465,1.0189948425118722,1.1969515773879131,6616513.780801366,7288384.675792599,0
217,42.215707341522645,41.25250193775608,41.61483528223871,41.76530748545948,10102706.519015009,34.11752427102395,307.4750014579883,15.339756858851926,587716.0,1750.3288221546438,9978.882930104668,11437.076507660177,1.9453785510517052,43.90244756065925,587716.0,21.719146850157554,490.11933344301326,512.302634153515,577737.1170698954,587225.8806665571,1.0164325922549673,1.0874677592716546,5410085.6104287,5955235.344633142,0
218,42.10342893724659,41.28451412292904,41.65137214115106,41.762532709097975,8638463.698035983,34.11525738030522,255.18609621081998,4.877320010068854,587716.0,1001.1679710871473,9228.023735218272,9978.882930104668,1.5927412461243158,36.54004870155381,587716.0,18.507210444528845,472.0864951859884,490.11933344301326,578487.9762647818,587243.913504814,1.0151342428627907,0.8096430783086792,4362933.2497579325,5755556.09812977,0
219,42.08765277994665,41.2593140819721,41.68886294986501,41.67935853407498,7811285.033959199,34.04731359556595,265.705712210349,3.887717405465624,587716.0,277.49375908346155,9212.347970939696,9228.023735218272,1.5610702543614017,35.67692438851054,587716.0,14.535790812203901,450.94536160968164,472.0864951859884,578503.6520290604,587265.0546383904,1.0151432184411537,0.6429081968781202,3286853.20444991,5906491.36478269,0
220,41.84547262328312,41.265872697095055,41.62662088923746,41.52850026610916,6793591.300533377,33.924079616106425,208.53109307501643,2.8665103609901714,587716.0,219.93495275547969,9198.077600898243,9212.347970939696,0.8561183074395116,21.58447294488692,587716.0,6.358697582693466,435.7195862474883,450.94536160968164,578517.9223991018,587280.2804137525,1.0151444881638785,0.5115083238891087,2796850.783942814,5594099.297063952,0
221,41.450915053737404,40.888716474489186,41.292833385071745,41.210196698187005,6491951.915692842,33.66406192433449,208.16871533818903,2.3469001865593206,587716.0,250.40018725634778,9153.499228793524,9198.077600898243,4.972666569270754,21.029779320850654,587716.0,16.739000712136065,431.42880763877366,435.7195862474883,578562.5007712066,587284.5711923613,1.0150736950411072,0.4178838922701721,1831568.1492798678,5268003.434108546,0
222,41.06525212408047,40.58750443745809,40.95989601115588,40.856801870377126,5818022.102895176,33.37537786064965,174.99695047247536,1.8620399334631696,587716.0,283.22832885951885,9043.405810473017,9153.499228793524,4.071275045064749,29.851666361592677,587716.0,18.157740088439013,419.73488136561997,431.42880763877366,578672.594189527,587296.2651186344,1.014900850705821,0.4312241588179783,1681137.4023296894,4684817.044698465,0
223,40.91167545362612,40.49103534909536,40.764275519340636,40.746285463915406,5087376.59761983,33.285098326107175,175.7702157658394,0.4695645631819869,587716.0,243.03864766529588,8975.667814010378,9043.405810473017,3.3332780836334566,29.891939056494415,587716.0,15.304613478187626,405.14755578731325,419.73488136561997,578740.3321859897,587310.8524442128,1.0148072687260288,0.5160222875289249,1565441.7723277286,3907601.5417725826,0
224,40.77538782117408,40.439913124923585,40.66525665136862,40.66702089175072,3962466.404203374,33.220348393228335,112.94643170377681,0.3844469484327217,587716.0,194.2030828172768,8894.026715948447,8975.667814010378,2.5180683168708344,26.71402211320607,587716.0,12.21387428042291,390.64740795453,405.14755578731325,578821.9732840515,587325.3525920456,1.0146891210590445,0.6003972095908807,1651250.3241971065,3068548.856822454,0
225,40.73995457040879,40.296204555842195,40.59013042163754,40.59915291211254,4078744.899423358,33.16490748783274,105.38888867347029,0.3147585396088543,587716.0,141.29762054038318,8857.803225541924,8894.026715948447,2.635147421978219,23.773443047223346,587716.0,10.197479078396722,348.39507135546575,390.64740795453,578858.1967744582,587367.6049286446,1.0146985934728043,0.6274159019117574,1922434.7479156386,3274799.955920411,0
226,40.886643726364085,40.42890863873308,40.692287156635736,40.624194534915844,3695313.1202419433,33.18536427338557,82.2196355725002,0.2577024961716831,587716.0,124.39722507603051,8815.367933542222,8857.803225541924,0.4695645631819869,18.69881883769829,587716.0,4.175265605841316,310.3932899645094,348.39507135546575,578900.6320664579,587405.6067100356,1.014689845772002,0.7528363447124967,2238831.4889420937,2903069.1555238087,0
227,41.142546057591076,40.627375132127725,40.993970046287465,40.80011330315962,3148700.5197557295,33.329070443497045,81.60334396918122,4.014692168233279,587716.0,99.39290158825686,8785.82106314475,8807.625312932058,0.3844469484327217,11.78487612929249,587716.0,2.198539656909709,283.87871588090957,312.6873997749284,578930.1789368554,587432.1212841192,1.014683862066714,0.7534122819659907,1889497.8785877717,2413262.0640654997,0
228,41.12346784991005,40.51298239525987,40.95650678855562,40.656710763332555,3707893.047506742,33.21192759327931,119.91578414646635,3.5737156685762854,587716.0,99.9412631215468,8795.882746898136,8779.481941541791,1.1750497185159856,16.082223286053107,587716.0,2.6305834960419254,256.56740736318363,285.7569741336375,578920.1172531019,587459.4325926369,1.014748677308245,0.7096759477175311,2026309.6236651037,2833975.814212859,1
229,41.050494970524156,40.3959231581602,40.913798815026745,40.58907869924894,5453791.500869774,33.156679524426835,106.42796648306987,3.499438373224799,587716.0,95.04130530051181,8798.579935903628,8790.692713094293,0.9620493409446635,12.929253087448918,587716.0,6.741959227586949,239.0327764884684,258.1051951569145,578917.4200640965,587476.9672235115,1.0147836931997056,0.7685767700128358,3676034.564304415,4497503.201508028,1
230,40.92284717659069,40.36040845312338,40.77088756443955,40.55183249415732,5347305.8521356145,33.12625374046367,123.88312972934423,2.8650978146603276,587716.0,119.38649735985229,8795.962230173738,8794.330695618908,2.010489054160968,10.420643213965118,587716.0,6.244926343311384,236.11609377625007,240.2918106469038,578920.0377698264,587479.8839062238,1.0147841407071672,0.7851656298589819,3675232.0512462035,4458332.64580383,1
231,40.829704735318685,40.35554980729177,40.674311383425994,40.52661252409648,5450276.50040628,33.10565162569525,120.51668747156282,2.3457436914389307,587716.0,130.9875418932657,8779.66664836228,8792.48324647542,1.6460492173682488,10.268618767805144,587716.0,4.901924289215139,231.7802092823468,237.14690376093677,578936.3333516378,587484.2197907177,1.0147630673607688,0.7597504117722287,3712981.038822725,4667867.653613984,1
232,40.78293953551368,40.34332491278331,40.56968532038791,40.587535860857834,5194071.253284426,33.15541892541806,100.43282426526866,0.44360978769469583,587716.0,173.24661143483146,8706.40925140502,8779.66664836228,1.3476711153393288,9.88710766405065,587716.0,4.089130932382021,225.98223255067813,231.7802092823468,579009.5907485951,587490.0177674494,1.0146447394224438,0.936879289481419,3546751.095483253,4150758.0608028984,1
233,40.92792743256989,40.46072651522656,40.67933640162889,40.79350210483845,4930415.232809643,33.32367027942448,78.12928253954178,0.8312299487764372,587716.0,156.49836891298264,8627.208935082805,8706.40925140502,1.36042380162689,13.3219675524511,587716.0,3.2126830564845443,215.29942060210684,225.98223255067813,579088.7910649172,587500.7005793978,1.0145244224467953,0.8894162269428438,3160155.885921205,3763769.2238421887,1
234,41.0964094880562,40.6104104095985,40.821189434509854,41.00893627752946,3939455.1343930927,33.499655480662085,93.49602772399149,0.4695645631819869,587716.0,197.88485625431645,8522.350541989297,8627.208935082805,1.1138208036111947,32.71748306954365,587716.0,0.9424107481507206,174.738635654763,215.29942060210684,579193.6494580107,587541.2613643452,1.0144107806712972,0.766041336704337,2026786.3284674464,2714768.5750446385,0
235,41.29846380718188,40.6363826286582,41.09950630532481,41.07440161245334,4492083.102383654,33.55313328729011,91.45367505126688,1.244738127339853,587716.0,281.60511469106,8330.954364222165,8522.350541989297,0.3844469484327217,26.575820593582872,587716.0,0.349602744020788,118.37818658643921,174.738635654763,579385.0456357779,587597.6218134136,1.0141730329876468,0.7087665690537136,2096024.2926635994,3144515.698965297,0
236,41.319024757460824,40.6169352957512,41.16289204704829,41.01329526124522,4430998.528174554,33.5032166745396,120.0938654023171,1.0191053843818347,587716.0,298.9405877439775,8151.088536496123,8330.954364222165,0.3147585396088543,20.808991293826214,587716.0,0.2862305178902687,73.18360399134048,118.37818658643921,579564.911463504,587642.8163960087,1.0139362817101398,0.6684601829898597,1947934.5257351096,3116194.2196594137,0
237,41.23779408834603,40.59046387926866,41.06992076852247,40.87277801958359,4438730.962357208,33.388429896524265,114.62992015619704,1.1211366451231426,587716.0,248.85391341559495,8015.743406591601,8151.088536496123,0.2577024961716831,16.29849975712499,587716.0,0.12885124808584156,36.814376224492385,73.18360399134048,579700.2565934084,587679.1856237756,1.0137622828820134,0.6408822727210105,2139269.756656967,3313844.2386938734,0
238,41.172104393749464,40.55296658363802,40.913864420317005,40.83172547929155,4191223.9452262833,33.35489393593418,147.98541426191903,1.280447543609029,587716.0,242.53164929110036,7919.916724018811,8015.743406591601,5.448510799745164,10.179248598781482,587716.0,3.727928441930902,14.036028288798228,36.814376224492385,579796.0832759812,587701.9639717112,1.0136339449989296,0.6618643574504048,2034569.3903454908,3081432.132764954,0
239,41.00740566458812,40.391736536010924,40.822350276510015,40.60495772748581,4422606.893155148,33.169649862569244,159.72608466632016,1.6218692342606267,587716.0,241.30750903902057,7836.71343041185,7919.916724018811,25.68137909660478,0.8602911789071312,587716.0,27.140322670082586,30.007959933106356,14.036028288798228,579879.2865695881,587685.9920400669,1.0134609049778358,0.5854212285916263,1851462.9924338807,3184759.4669139427,0
240,40.67034095991824,40.01895613617279,40.50449245514415,40.14077964315103,5057154.6096731,32.79046826770246,180.64119676130335,3.879028044442906,587716.0,185.67135125897653,7827.804247869734,7836.71343041185,22.459953479356262,16.189588065101344,587716.0,53.47786298541524,67.29623485342026,30.007959933106356,579888.1957521304,587648.7037651467,1.013381021176694,0.5179820422342081,1774881.9742723852,3684234.9667762835,0
241,40.427509946673666,39.71902400216372,40.09626489418072,40.046689050686055,4672034.55229623,32.71360696673698,132.12428816171854,3.749407004642106,587716.0,153.81236292515842,7802.366766101652,7827.804247869734,18.675418352552164,21.28429796502929,587716.0,51.81335537151671,97.82529225990768,67.29623485342026,579913.6332338984,587618.1747077401,1.0132839315994029,0.7042605812621882,1964118.3349131201,3249758.2973067164,0
242,40.31242331221817,39.64551813842888,40.02458142427027,39.928125557894674,4348227.245470057,32.61675373364039,103.76273613231511,2.964260341126133,587716.0,133.40447446961954,7769.760767423222,7802.366766101652,15.863666784436152,21.72756519618024,587716.0,45.57558845214512,121.67331551587256,97.82529225990768,579946.2392325768,587594.3266844841,1.0131858496507933,0.7877584133773157,2067285.7752999282,3032178.9522524485,0
243,40.145021450828025,39.57099865972587,39.91002536427051,39.83714606985478,3870820.4580354546,32.54243411995478,68.18897380123467,2.2159421426486765,587716.0,103.83011354158592,7731.903685540223,7769.760767423222,10.983676744772758,19.509608173433858,587716.0,43.11180078101171,145.2755081234504,121.67331551587256,579984.0963144598,587570.7244918767,1.0130790196617654,0.8565359579632532,2046704.9574136706,2768737.7200408317,0
244,39.901505442445554,39.16505353667402,39.70910691952795,39.625220064558626,5287310.891498336,32.36931548644806,100.6064453019431,1.60327102046727,587716.0,71.4638801230506,7759.442979698646,7731.903685540223,2.6199010901782422,29.708055342767256,587716.0,79.48671021797526,195.0541629986584,145.2755081234504,579956.5570203015,587520.9458370014,1.0130412880212079,0.8326870508045775,2577887.6440061475,3691979.614810681,0
